Random seed,NSamples,Feature,Shapley Value
33,32768,0,"[0, 0, 0, 0, 0, 0, 0, 0, 0, 0, 0, 0, 0, 0, 0, 0, 0, 0, 0, 0, 0, 0, 0, 0, 0, 0, 0, 0, 0, 0, 0, 0, 0, 0, 0, 0, 0, 0, 0, 0, 0, 0, 0, 0, 0, 0, 0, 0, 0, 0, 0, 0, 0, 0, 0, 0, 0, 0, 0, 0, 0, 0, 0, 0, 0, 0, 0, 0, 0, 0, 0, 0, 0, 0, 0, 0, 0, 0, 0, 0, 0, 0, 0, 0, 0, 0, 0, 0, 0, 0, 0, 0, 0, 0, 0, 0, 0, 0, 0, 0, 0, 0, 0, 0, 0, 0, 0, 0, 0, 0, 0, 0, 0, 0, 0, 0, 0, 0, 0, 0, 0, 0, 0, 0, 0, 0, 0, 0, 0, 0, 0, 0, 0, 0, 0, 0, 0, 0, 0, 0, 0, 0, 0, 0, 0, 0, 0, 0, 0, 0, 0, 0, 0, 0, 0, 0, 0, 0, 0, 0, 0, 0, 0, 0, 0, 0, 0, 0, 0, 0, 0, 0, 0, 0, 0, 0, 0, 0, 0, 0, 0, 0, 0, 0, 0, 0, 0, 0, 0, 0, 0, 0, 0, 0, 0, 0, 0, 0, 0, 0, 0, -0.0003967409332593236, -0.00046612297495205336, -0.000492464440564302, -0.0004936459784706277, -0.0004822306334972192, -0.00047175101935860946, -0.00046018765618402116, -0.0004361366232235937, -0.00038712477932370716, -0.00030439166973032853, -0.00018438038726643706, -2.7806622286596744e-05, 0.00016193694124624027, 0.0003803176184495763, 0.0006225525091092168, 0.0008839578678210947, 0.001160181810458553, 0.0014471784234047415, 0.0017411524429917942, 0.002038389320174882, 0.0023349687457085108, 0.002626449242234274, 0.0029076670606931676, 0.003172667200366731, 0.0034156588837504992, 0.00363273105273648, 0.003823375701904369, 0.0039902407675982245, 0.004137962621947157, 0.00427297875285156, 0.004403727687895378, 0.004540500479439971, 0.004693163683017204, 0.004867286110917786, 0.005062288294235952, 0.00527385522921886, 0.0054977063089610015, 0.005731802744170094, 0.005975663972397689, 0.006227113492786946, 0.006480297073721959, 0.006726921163499407, 0.006958323096235668, 0.007170490920543757, 0.007366441314419208, 0.007554241207738784, 0.007744526925186407, 0.007945674347380891, 0.008161729015409973, 0.008393835276365337, 0.008640538839002595, 0.008898458878199402, 0.009163857748111164, 0.00943354840079957, 0.00970529038459072, 0.009977630091210301, 0.010249783098697772, 0.010521370669206036, 0.010792129362622986, 0.011061940652628794, 0.011330650374293436, 0.011598208049933195, 0.011864900526901147, 0.012132028738657666, 0.012404655851423897, 0.012698116339743225, 0.012947341737647942, 0.013195201630393782, 0.013600325770676203, 0.013858622747163105, 0.014109401839474933, 0.014334863175948549, 0.014552004449069613, 0.014764154764513293, 0.014974704881509204, 0.015185418973366473, 0.015397244008879001, 0.015610554752250632, 0.01582544359068084, 0.016041745990514885, 0.01625924004862715, 0.0164775447919966, 0.016696315941711365, 0.016915178174773966, 0.017133799816171438, 0.01735179120053854, 0.017568886528412632, 0.017784752075870942, 0.017999216107030785, 0.01821204982697971, 0.018423069703082363, 0.018632142990827685, 0.018839219212532118, 0.019044165437420317, 0.01924692410975702, 0.019447506405413262, 0.019645869111021484, 0.0198420465613406, 0.02003602242718153, 0.019601092301309193, 0.01945452727377427, 0.01968641361842569, 0.019809305419524588, 0.019812879214684227, 0.019745916190246814, 0.019645196509858062, 0.01953185306241127, 0.019416607357561688, 0.01930434828003252, 0.019196887500584188, 0.019094516771535126, 0.01899675757934657, 0.018902840962012706, 0.018811903645594995, 0.018723068634669056, 0.018635528162121846, 0.018548567965626785, 0.018461548909545034, 0.018373930019637028, 0.018285275188585193, 0.018195233183602545, 0.018103509023785633, 0.01800991334021098, 0.017914277128875295, 0.01781649248053634, 0.01771651053180304, 0.01761431557436789, 0.017509892148276238, 0.01740327638884393, 0.017294548886517717, 0.017183721438050303, 0.017070929147303158, 0.016956227334837166, 0.016839714658757086, 0.016721509831647094, 0.016601690960427132, 0.016480390044550125, 0.016357692144811187, 0.0162337288881342, 0.016108580927054104, 0.015982356543342333, 0.015855185625453818, 0.015727131441235564, 0.015598325058817883, 0.01546883905927344, 0.015338773466646697, 0.01520822569727901, 0.015077266717950524, 0.014945984321335976, 0.014814460960527282, 0.014682764125366997, 0.014550967390338612, 0.01441915705800061, 0.014287381867567717, 0.01415569999565683, 0.01402417620023093, 0.01389286468426391, 0.013761822196344562, 0.013631091949840414, 0.013500730941692997, 0.013370780025919297, 0.013241273226837352, 0.013112262015541415, 0.012983773462474356, 0.012855836935341368, 0.01272848937660457, 0.012601773130397025, 0.012475699993471322, 0.012350298464298269, 0.012225592881441136, 0.012101609321932025, 0.011978367343544972, 0.011855880791942294, 0.01173417146007221, 0.011613257105151835, 0.011493143998086474, 0.011373845301568531, 0.011255381132165603, 0.011137758630017458, 0.011020979533592871, 0.010905061600108954, 0.010790011286735542, 0.010675834988554324, 0.010562531960507245, 0.010450114992757662, 0.01033858209848405, 0.010227942528824027, 0.010118196842571106, 0.010009346219400571, 0.009901391342282307, 0.00979433450847866, 0.009688169074555247, 0.00958290832738082, 0.00947853401303293, 0.009375061218937249, 0.00927248379836482, 0.009170799267788734, 0.009070006820062811, 0.008970096769432242, 0.008871077001094827, 0.008772938574353864, 0.008675677950183565, 0.008579294818143074, 0.008483783838649606, 0.008389139734208594, 0.008295359897116833, 0.008202440602084008, 0.008110378434260684, 0.00801917208979528, 0.007928806729614737, 0.007839286451538415, 0.007750602190693233, 0.0076627525811394145, 0.007575728309651227, 0.007489530680080266, 0.007404151062170669, 0.00731958337128163, 0.0072358247513572525, 0.007152870980401847, 0.00707071541498106, 0.006989348369340111, 0.006908773009975752, 0.0068289686615268415, 0.006749952460328744, 0.00667170255134504, 0.006594221231838076, 0.00651749856770039, 0.0064415363594889676, 0.0063663220653931395, 0.006291855312883864, 0.0062181257953246504, 0.00614512960116069, 0.006072863750159748, 0.006001321909328303, 0.005930500167111557, 0.005860394363602004, 0.005790994005898638, 0.005722298969825119, 0.005654296651482586, 0.005586994439363487, 0.005520377494394788, 0.005454441905021676, 0.005389183821777514, 0.005324602934221432, 0.005260684899985792, 0.005197432637214669, 0.005134835218389833, 0.0050728904704252925, 0.005011594792207086, 0.0049509408573309615, 0.004890925996005542, 0.00483153642465671, 0.004772781642774753, 0.00471464271346729, 0.0046571286395192205, 0.00460022501647473, 0.0045439284915725405, 0.004488233911494423, 0.004433139475683375, 0.004378638168176019, 0.0043247252081831345, 0.004271394262711215, 0.0042186431586742415, 0.004166467860341076, 0.004114862841864433, 0.004063821770250801, 0.004013337443272273, 0.003963412468632062, 0.00391403548419476, 0.0038652074212829337, 0.003816916110614935, 0.0037691611796617504, 0.0037219415729244586, 0.003675248163441819, 0.003629081510007387, 0.003583428574105109, 0.0035382885485887535, 0.0034936604400475843, 0.0034495361770192834, 0.003405912965536123, 0.0033627833550175074, 0.0033201461657881757, 0.003277995872000856, 0.003236329120894279, 0.003195140510797504, 0.0031544206043084516, 0.0031141714503367768, 0.003074389509856704, 0.003035066338876886, 0.002996199702223147, 0.0029577857504288416, 0.002919819081823031, 0.0028822939842939404, 0.0028452090298136117, 0.002808559065063796, 0.0027723398059606567, 0.0027365472788612078, 0.0027011735985676493, 0.002666221745312216, 0.0026316840201616276, 0.0025975524758299214, 0.0025638333211342535, 0.002530510661502683, 0.00249758586287499, 0.00246505551040173, 0.0024329146991173465, 0.0024011590828498233, 0.002369785929719608, 0.002338790893554689, 0.0023081690693895042, 0.002277919091284277, 0.0022480328256885233, 0.0022185130665699675, 0.002189348327616852, 0.0021605374291539204, 0.0021320809299747168, 0.0021039713794986426, 0.002076203872760137, 0.002048776795466744, 0.0020216879745324485, 0.001994930704434713, 0.001968503619233768, 0.0019424006963769617, 0.0019166211908062316, 0.0018911593283216185, 0.0018660153572758044, 0.00184117884685596, 0.0018166532119115186, 0.0017924329886833837, 0.0017685109749436393, 0.0017448896542191518, 0.0017215635627508168, 0.0016985281681021068, 0.0016757814834515265, 0.001653319224715235, 0.0016311402122179692, 0.0016092376783490197, 0.0015876113747557018, 0.001566255465149881, 0.0015451694528261836, 0.001524354207019013, 0.001503798117240271, 0.0014835041016340266, 0.0014634636541207644, 0.0014436784510811177, 0.0014241461952527368, 0.0014048608019948008, 0.0013858219608664517, 0.0013670252015193314, 0.0013484659915169088, 0.0013301462555925048, 0.0013120588536063831, 0.0012942036613821993, 0.0012765768915414823, 0.001259172521531583, 0.001241995890935264, 0.0012250376244386046, 0.00120829815665881, 0.0011917743210991228, 0.0011754628891746213, 0.0011593603839476913, 0.0011434660603602735, 0.0011277770623564734, 0.0011122891679406172, 0.0010970038672288261, 0.0010819156343738244, 0.0010670214891433723, 0.0010523213073611259, 0.0010378111774722745, 0.0010234909132123002, 0.0010093552991747863, 0.0009954061980048828, 0.0009816357865929611, 0.0009680463001132018, 0.0009546321506301572, 0.00094139234473308, 0.0009283283104499188, 0.0009154345219333965, 0.0009027086819211649, 0.0008901481206218405, 0.0008777494852741565, 0.0008655176187555001, 0.0008534442012508712, 0.0008415313437581072, 0.0008297733341654142, 0.0008181724697351461, 0.0008067198097705851, 0.0007954169064760212, 0.0007842663054664933, 0.0007732603698968894, 0.0007624012728532155, 0.0007516847923398026, 0.0007411085690061251, 0.0007306718577941263, 0.0007203754037618638, 0.0007102134327093764, 0.0007001838336388276, 0.0006902912631630906, 0.0006805278360843662, 0.0006708929315209391, 0.0006613874807953851, 0.0006520078207055732, 0.0006427509089310969, 0.0006336181114117306, 0.0006246048957109455, 0.0006157126898566883, 0.0006069390103220947, 0.0005982815598448127, 0.0005897399038076409, 0.0005813141663869227, 0.0005729997530579575, 0.0005647932489713039, 0.0005567001178860668, 0.0005487111086646719, 0.0005408332993586863, 0.0005330571904778483, 0.0005253862589597703, 0.0005178188905119901, 0.0005103506768743202, 0.0005029842878381412, 0.0004957147563497229, 0.0004885466769337661, 0.00048147185395161344, 0.0004744930192828175, 0.000467605702579022, 0.0004608138774832092, 0.00045411263902982055, 0.0004474999383091932, 0.00044097540279229515, 0.00043454151600599324, 0.00042819393177827216, 0.00042193053911129645, 0.00041575394570827497, 0.0004096581290165587, 0.00040364482750495295, 0.0003977143516143169, 0.0003918629760543509, 0.0003860900799433393, 0.0003803976501027744, 0.00037478276838858945, 0.0003692403435707098, 0.0003637748459974929, 0.00035838608940442417, 0.0003530650089184446, 0.00034782048314809834, 0.0003426426400740945, 0.0003375394890705749, 0.00033250326911608385, 0.00032753795385360746, 0.00032263820370038375, 0.0003178042670090994, 0.00031303788224856067, 0.00030833793183167817, 0.0003036965926488243, 0.0002991254130999249, 0.0002946118513743084, 0.00029016174376010905, 0.00028577111661434214, 0.0002814434468746187, 0.00027717128396034265, 0.0002729592223962149, 0.0002688041577736539, 0.00026471006373564434, 0.00026066663364569375, 0.00025668069720268254, 0.00025275088846683525, 0.0002488759656747182, 0.000245050961772601, 0.0002412808438142141, 0.0002375627557436628, 0.00023389384150505085, 0.00023027782638867722, 0.00022670974334081014, 0.0002231912066539131, 0.0002197214712699257, 0.0002162981778383256, 0.00021292654176553104, 0.00020959811906019852, 0.00020631415148576114, 0.00020307848850886038, 0.0001998859147230783, 0.00019673816859722154, 0.00019363264242808036, 0.0001905730615059536, 0.00018755743900934852, 0.00018458068370819122, 0.00018164565165837627, 0.00017875147362550107, 0.00017589976390202852, 0.00017308530708154058, 0.00017030748228232084, 0.00016757336755593633, 0.0001648772507905962, 0.00016221391657988252, 0.00015959193309148163, 0.00015700918932755794, 0.0001544564962387087, 0.00015194267034530643, 0.00014946448306242635, 0.00014701808492342643, 0.0001446064561605455, 0.00014223108688990287, 0.00013989110787709558, 0.00013757993777592989, 0.0001353016744057338, 0.0001330604155858358, 0.0001308453579743705, 0.00012866208950678519, 0.0001265124728282294, 0.0001243912925322851, 0.00012230103214581813, 0.00012023908396561944, 0.00011820668975512196, 0.0001162018626928331, 0.00011422783136367806, 0.00011228149135907501, 0.00011036122838656115, 0.00010847002267837536, 0.00010660588741302502, 0.00010476770500342055, 0.00010295510292053229, 0.0001011689503987631, 9.940775732199372e-05, 9.767288962999993e-05, 9.596471985181178e-05, 9.427766005198162e-05, 9.261618057886756e-05, 9.097643196582801e-05, 8.93640021483105e-05, 8.777119219303142e-05, 8.620421091715501e-05, 8.46594572067261e-05, 8.313680688540148e-05, 8.163278301556913e-05, 8.01545878251394e-05, 7.869799931844086e-05, 7.725966473420468e-05, 7.584455112616225e-05, 7.44490573803585e-05, 7.307268679142001e-05, 7.171978553136185e-05, 7.038476566473658e-05, 6.906626125176757e-05, 6.77707294623057e-05, 6.64925823609035e-05, 6.523095071315776e-05, 6.399191915988928e-05, 6.27694030602773e-05, 6.156613429387414e-05, 6.03781392176947e-05, 5.9209143122037356e-05, 5.805802841981254e-05, 5.692318081855785e-05, 5.5807083845138605e-05, 5.47041495641073e-05, 5.3616861502329615e-05, 5.255080759525302e-05, 5.149555703004208e-05, 5.046017467975618e-05, 4.94379550218583e-05, 4.842852552731837e-05, 4.743946095307676e-05, 4.646119972070063e-05, 4.550019900004076e-05, 4.4550622502962825e-05, 4.361594716707872e-05, 4.269878069559737e-05, 4.17916725079219e-05, 4.0900458892186496e-05, 4.0022780497868895e-05, 3.915615379810335e-05, 3.8302813967069006e-05, 3.746375441551213e-05, 3.663661579291027e-05, 3.582437833150235e-05, 3.501897056897483e-05, 3.42321892579397e-05, 3.345546623071039e-05, 3.269103666146602e-05, 3.193529943625135e-05, 3.119458754857383e-05, 3.0462816357612607e-05, 2.974594632784532e-05, 2.9040127992630037e-05, 2.8339028358459536e-05, 2.7654444177945486e-05, 2.6979918281237315e-05, 2.6314953962961894e-05, 2.565893034140272e-05, 2.5015572706858334e-05, 2.4380783240000472e-05, 2.375580370426183e-05, 2.314311762650812e-05, 2.253726124763494e-05, 2.1944691737492917e-05, 2.135572334130607e-05, 2.077966928482058e-05, 2.021342515945437e-05, 1.965487996737165e-05, 1.910254359245306e-05, 1.8562873204549178e-05, 1.8031646807988524e-05, 1.750662922859195e-05, 1.699253916740422e-05, 1.6486148039499948e-05, 1.598509649435683e-05, 1.5495096643765795e-05, 1.5013416608174686e-05, 1.4538938800493924e-05, 1.4072532455126468e-05, 1.3611341516176877e-05, 1.3165548443794269e-05, 1.2716030081113212e-05, 1.2280295292536463e-05, 1.1846671501795473e-05, 1.1423602700233485e-05, 1.1009102066357955e-05, 1.0598575075467466e-05, 1.0198354721069356e-05, 9.80235636234286e-06, 9.414553642272959e-06, 9.032090504964213e-06, 8.657947182655361e-06, 8.285666505495732e-06, 7.92195399602257e-06, 7.5644503037134906e-06, 7.2136521339416744e-06, 6.86918695767722e-06, 6.531675656636583e-06, 6.193046768506405e-06, 5.867456396420804e-06, 5.547453959782933e-06, 5.231549342473376e-06, 4.921605189641332e-06, 4.6165039141973114e-06, 4.315872987111425e-06, 4.0213267008463695e-06, 3.7305057048797793e-06, 3.448749581972769e-06, 3.1684835751851725e-06, 2.8928120930989735e-06, 2.624342838923171e-06, 2.359598875045789e-06, 2.101932962735515e-06, 1.845384637514759e-06, 1.5970319509506392e-06, 1.3501693805059157e-06, 1.1126200358073106e-06, 8.727113405863648e-07, 6.376455227534249e-07, 4.108995199203747e-07, 1.8874804178876034e-07, -3.1168262163780764e-08, -2.4748345216113766e-07, -4.6156346797941254e-07, -6.698071956634342e-07, -8.725871642430409e-07, -1.0746220747629623e-06, -1.268958051999386e-06, -1.4611830314000239e-06, -1.6515453656514263e-06, -1.8347054719924707e-06, -2.016623814900699e-06, -2.193450927734361e-06, -2.369532982508329e-06, -2.5391578674316166e-06, -2.7059266964594354e-06, -2.87281970183053e-06, -3.0317654212315743e-06, -3.190338611602771e-06, -3.3439447482426834e-06, -3.494322299957257e-06, -3.6451965570449685e-06, -3.787999351819338e-06, -3.931795557339974e-06, -4.069879651069626e-06, -4.207218686739585e-06, -4.340459903081243e-06, -4.4688582420349e-06, -4.597504933675118e-06, -4.719570279121387e-06, -4.843746622403444e-06, -4.9624592065811e-06, -5.078315734863265e-06, -5.191937088966355e-06, -5.30431667963662e-06, -5.411853392918889e-06, -5.520383516947419e-06, -5.622456471125272e-06, -5.724405248959846e-06, -5.824243028958627e-06, -5.922466516494736e-06, -6.016343832015979e-06, -6.108234326044705e-06, -6.198510527610766e-06, -6.285433967908211e-06, -6.370867292086269e-06, -6.454686323801662e-06, -6.535028417905159e-06, -6.616239746411628e-06, -6.694843371709177e-06, -6.768479943275439e-06, -6.8431099255879595e-06, -6.913393735885608e-06, -6.982559959093717e-06, -7.0517261823018276e-06, -7.11865723133086e-06, -7.183973987897225e-06, -7.243206103642769e-06, -7.304176688194265e-06, -7.3646505673726275e-06, -7.418170571327198e-06, -7.4764092763264875e-06, -7.530053456624337e-06, -7.584566871325165e-06, -7.632995645205168e-06, -7.684528827667227e-06, -7.730722427368153e-06, -7.776667674382517e-06, -7.822737097740162e-06, -7.86532958348591e-06, -7.906928658485402e-06, -7.944554090499866e-06, -7.987643281618743e-06, -8.024772008260082e-06, -8.059913913408905e-06, -8.097166816393524e-06, -8.130942781766245e-06, -8.163973689079275e-06, -8.194645245869945e-06, -8.223950862884513e-06, -8.252387245496103e-06, -8.278836806615182e-06, -8.306528131167085e-06, -8.330245812733961e-06, -8.355329434076934e-06, -8.377556999524425e-06, -8.400777975718168e-06, -8.419156074523916e-06, -8.4386517604192e-06, -8.456284801165253e-06, -8.474662899970998e-06, -8.49030911922454e-06, -8.505210280418387e-06, -8.519366383552543e-06, -8.534515897432953e-06, -8.544574181238801e-06, -8.55599840482075e-06, -8.566925923029574e-06, -8.577853441238395e-06, -8.588284254074087e-06, -8.594741423924753e-06, -8.604054649670912e-06, -8.607904116312655e-06, -8.612250288327527e-06, -8.617838223775218e-06, -8.621936043103531e-06, -8.624667922655732e-06, -8.628517389297478e-06, -8.630752563476553e-06, -8.630131681760145e-06, -8.632615208625784e-06, -8.631000916163117e-06, -8.630131681760147e-06, -8.628269036610912e-06, -8.62690309683481e-06, -8.624792098999016e-06, -8.617589871088658e-06, -8.611008524894708e-06, -8.608028292655936e-06, -8.60157112280527e-06, -8.595734834671016e-06, -8.586794137954705e-06, -8.580709497133886e-06, -8.570030331611625e-06, -8.563448985417678e-06, -8.556122581164034e-06, -8.544698357582087e-06, -8.535260955492653e-06, -8.520732323328645e-06, -8.512288331985465e-06, -8.49999487400054e-06, -8.489936590194695e-06, -8.478015661239616e-06, -8.4636112054189e-06, -8.449827631314591e-06, -8.434553941090893e-06, -8.420894543329871e-06, -8.406490087509148e-06, -8.390719691912327e-06, -8.375942707061761e-06, -8.361414074897761e-06, -8.345395326614372e-06, -8.328134814898168e-06, -8.308142423629752e-06, -8.29597314198811e-06, -8.279830217361445e-06, -8.25859606266021e-06, -8.241087198257442e-06]"
33,32768,1,"[0, 0, 0, 0, 0, 0, 0, 0, 0, 0, 0, 0, 0, 0, 0, 0, 0, 0, 0, 0, 0, 0, 0, 0, 0, 0, 0, 0, 0, 0, 0, 0, 0, 0, 0, 0, 0, 0, 0, 0, 0, 0, 0, 0, 0, 0, 0, 0, 0, 0, 0, 0, 0, 0, 0, 0, 0, 0, 0, 0, 0, 0, 0, 0, 0, 0, 0, 0, 0, 0, 0, 0, 0, 0, 0, 0, 0, 0, 0, 0, 0, 0, 0, 0, 0, 0, 0, 0, 0, 0, 0, 0, 0, 0, 0, 0, 0, 0, 0, 0, 0, 0, 0, 0, 0, 0, 0, 0, 0, 0, 0, 0, 0, 0, 0, 0, 0, 0, 0, 0, 0, 0, 0, 0, 0, 0, 0, 0, 0, 0, 0, 0, 0, 0, 0, 0, 0, 0, 0, 0, 0, 0, 0, 0, 0, 0, 0, 0, 0, 0, 0, 0, 0, 0, 0, 0, 0, 0, 0, 0, 0, 0, 0, 0, 0, 0, 0, 0, 0, 0, 0, 0, 0, 0, 0, 0, 0, 0, 0, 0, 0, 0, 0, 0, 0, 0, 0, 0, 0, 0, 0, 0, 0, 0, 0, 0, 0, 0, 0, 0, 0, 0.0003449923048416813, 0.00046350614478191327, 0.0005452608068784173, 0.0006226990371942663, 0.0007434721415241684, 0.0009206771229704342, 0.0011510795603196025, 0.001426183804869678, 0.0017361435418327847, 0.00207165808727347, 0.002425134554505391, 0.0027909330402811666, 0.003164741955697569, 0.0035429670785864405, 0.0039223963394761415, 0.004300192184746302, 0.004673887106279588, 0.005041391899188429, 0.005401002118984902, 0.005751320036749072, 0.006091187335550832, 0.006419494499762892, 0.006735066014031635, 0.007036557855705453, 0.0073228588327766166, 0.00759396074960638, 0.00785156500836221, 0.008098123036324989, 0.00833597766856359, 0.008567702025175141, 0.00879704635590319, 0.009029116729895321, 0.009268322773277847, 0.009514624873797143, 0.0097618416572611, 0.01000041135897248, 0.010221574331323367, 0.010419979691505484, 0.01059311876694367, 0.010738015361130298, 0.010849437055488478, 0.010921301878988808, 0.0109496345122656, 0.010937801872690594, 0.010896669204036464, 0.010837071947753508, 0.010764761331180808, 0.010682349279522937, 0.01059193114439659, 0.010495410921673054, 0.010395171369115589, 0.010294283864398873, 0.01019567220161368, 0.010101665245990016, 0.010013798748453548, 0.009932812986274644, 0.00985884616772343, 0.009791674464941084, 0.009730965519944913, 0.009676376357674708, 0.009627622428039854, 0.009584298419455808, 0.009545482943455494, 0.009508579348524473, 0.009465195362766665, 0.009391215257346647, 0.00938304793089638, 0.009375234631200742, 0.009129415204127708, 0.009102126459280747, 0.009085643601914405, 0.009108170370260939, 0.009145501504341855, 0.009193329575161254, 0.009246946871280722, 0.009303616484006317, 0.00936174100885795, 0.009420410295327622, 0.009479203571875929, 0.009537980519235219, 0.009596822845439223, 0.009655940035979079, 0.009715569578111287, 0.009776049541930487, 0.009837694900731365, 0.009900770708918653, 0.009965534880757434, 0.010032185167074313, 0.010100902182360642, 0.01017182469367991, 0.010245013174911444, 0.01032049786299481, 0.010398323585589835, 0.010478395596146656, 0.010560727119445867, 0.010645166660348688, 0.010731643997132877, 0.010820024584730636, 0.010910137804846098, 0.011367635428905561, 0.011936284539600318, 0.012296528865893771, 0.012509587903817582, 0.012626526628931496, 0.012678089303275058, 0.01268390982101371, 0.012657594742874381, 0.012609251526494943, 0.012546493175129202, 0.012475212104618619, 0.012399824274083029, 0.012323536102970486, 0.012248719359437653, 0.012176896817982244, 0.01210907399654395, 0.012045801306764333, 0.011987279976407791, 0.011933520622551479, 0.011884260736405907, 0.011839190560082672, 0.011797905464967135, 0.011759964873393432, 0.011724872079988348, 0.011692183651030107, 0.011661390277246705, 0.011632069945335461, 0.011603807099163569, 0.011576215612391678, 0.011548911593854471, 0.011521595964829191, 0.011493957042694139, 0.011465747778614437, 0.011436716156701287, 0.011406673056383982, 0.011375454999506525, 0.01134291812777527, 0.011308923736214662, 0.011273380244771663, 0.011236221219102572, 0.011197364951173489, 0.011156784680982466, 0.011114448246856565, 0.011070334476729265, 0.011024460817376808, 0.010976811374227251, 0.010927430912852346, 0.010876327753067074, 0.01082355237255498, 0.010769127681851422, 0.010713121853768855, 0.010655561089515717, 0.010596522999306546, 0.010536060358087244, 0.010474220352868279, 0.010411084443330797, 0.010346694725255193, 0.010281134893496852, 0.010214462938408067, 0.010146738837162678, 0.010078039765357996, 0.010008422409494736, 0.009937943766514471, 0.0098666792114576, 0.009794683133562432, 0.009722019669910304, 0.00964873383442564, 0.0095749064659079, 0.00950058040519556, 0.009425811469554922, 0.009350648832817884, 0.00927514371772608, 0.009199348278343683, 0.009123311750590817, 0.00904707921048007, 0.008970686731239172, 0.008894172559181863, 0.008817589282989511, 0.008740969126423219, 0.008664349342385956, 0.008587758367260315, 0.00851123351603749, 0.008434802976747376, 0.00835850698252521, 0.008282364346086993, 0.008206398723026134, 0.008130639170606947, 0.008055108909805628, 0.00797983085115752, 0.007904824179907665, 0.007830112551649438, 0.007755708508193505, 0.007681630862255897, 0.007607900040845087, 0.007534527281920122, 0.007461520843207856, 0.007388902828097347, 0.007316681928932686, 0.007244870687524494, 0.007173480217655508, 0.007102516231437535, 0.007031985931098474, 0.006961905335386605, 0.006892275686065365, 0.006823103440304604, 0.006754396669566646, 0.006686161458492287, 0.00661839656531812, 0.0065511181329687695, 0.006484318959216281, 0.006418003762761765, 0.006352181298037376, 0.006286850882073251, 0.006222013011574748, 0.006157671411832184, 0.006093828938901437, 0.006030482550462098, 0.0059676339228948065, 0.005905290444691986, 0.005843445099890241, 0.005782095901668072, 0.005721247134109341, 0.005660899480183924, 0.00560104902833701, 0.005541696461538481, 0.00548284041384857, 0.005424480699002744, 0.0053666129708290254, 0.005309241823852069, 0.005252360304196685, 0.005195966797570399, 0.005140062794089324, 0.005084642829994368, 0.005029711996515597, 0.004975256820519773, 0.004921281461914391, 0.004867786417404822, 0.004814767713348082, 0.0047622208793958115, 0.004710142003993194, 0.004658537233869237, 0.004607392350832628, 0.0045567149296403, 0.0045064961537718785, 0.004456736644109091, 0.004407431992391751, 0.004358582012355335, 0.004310181053976225, 0.004262229117254421, 0.004214721669753403, 0.004167656041681768, 0.004121031736334169, 0.004074842731157944, 0.004029088591535888, 0.003983766523500288, 0.0039388687660296805, 0.003894401714205744, 0.003850360773503785, 0.0038067379966378228, 0.0037635325143734635, 0.0037207407255967534, 0.0036783656105399158, 0.0036363955587148675, 0.003594837089379635, 0.0035536808893084568, 0.0035129270205895152, 0.0034725710128744474, 0.003432610010107367, 0.003393043826023742, 0.0033538688595096274, 0.003315079212188727, 0.0032766794785857208, 0.0032386562476555505, 0.0032010152935981807, 0.00316375059386095, 0.0031268617759148297, 0.0030903454249103894, 0.0030541973188519525, 0.003018413359920185, 0.002982995410760247, 0.0029479353999098184, 0.0029132351900140476, 0.0028788929805159597, 0.0028448995202779797, 0.0028112579757968636, 0.002777965118487675, 0.0027450130631526313, 0.0027124069631099725, 0.0026801370705167482, 0.0026482082903385175, 0.002616612178583941, 0.0025853461275498093, 0.0025544115652640703, 0.0025238018482923513, 0.0024935177216927214, 0.0024635527903835016, 0.0024339080477754323, 0.002404577657580376, 0.002375561185181143, 0.002346856954197092, 0.002318461611866955, 0.0022903690735499097, 0.0022625839958588306, 0.0022350966930389455, 0.0022079091519117394, 0.0021810139218966197, 0.002154415100812913, 0.002128106169402601, 0.0021020831540226963, 0.0020763476068774863, 0.0020508955543239943, 0.0020257240782181433, 0.002000828770299755, 0.0019762136662999793, 0.0019518672799070692, 0.0019277933984994894, 0.0019039882346987725, 0.0018804480632146237, 0.0018571738774577767, 0.0018341581647594786, 0.0018114030982057277, 0.0017889013513922721, 0.0017666583880782127, 0.001744666323065759, 0.0017229200651248295, 0.0017014240846037882, 0.001680169316629571, 0.0016591580584645292, 0.0016383890683452308, 0.0016178562616308535, 0.0015975592657923704, 0.001577494976421198, 0.0015576622759302474, 0.001538059115409852, 0.0015186838184793813, 0.0014995296175281212, 0.0014805978164076823, 0.001461885683238506, 0.0014433914174636212, 0.0014251138394077636, 0.0014070499688386925, 0.0013891966392596562, 0.0013715527951717393, 0.0013541173189878482, 0.0013368863612413411, 0.0013198563208182675, 0.0013030261422197036, 0.0012863981227080048, 0.0012699666743477207, 0.001253726395467919, 0.0012376836190621065, 0.001221828162670137, 0.0012061612680554403, 0.0011906818797190995, 0.0011753880729277932, 0.0011602756877740236, 0.0011453450967868165, 0.0011305918917059905, 0.0011160177489121768, 0.0011016185705860458, 0.0010873933012286834, 0.0010733384639024744, 0.001059452382226787, 0.0010457374776403116, 0.0010321848715345075, 0.0010187972957889245, 0.0010055738811691613, 0.0009925091639161109, 0.0009796045720577246, 0.0009668571253617611, 0.0009542635331551243, 0.0009418229262034098, 0.0009295371671517686, 0.0009174002955357242, 0.0009054114421208703, 0.0008935702964663516, 0.0008818746233979866, 0.000870322436094285, 0.0008589125548799838, 0.0008476454764604572, 0.0008365151161948845, 0.0008255199839671458, 0.0008146630600094807, 0.0008039394393563281, 0.0007933481285969425, 0.0007828899348775554, 0.0007725612570842116, 0.0007623590528964999, 0.0007522851849595712, 0.0007423359900712976, 0.0007325106610854469, 0.0007228091980020214, 0.0007132270683844893, 0.0007037656381726267, 0.0006944219892223689, 0.0006851965561509134, 0.0006760866691668837, 0.0006670889755090087, 0.000658205337822437, 0.0006494328379631039, 0.0006407708550492926, 0.0006322162846724193, 0.0006237732246518139, 0.0006154333551724757, 0.0006071977317333223, 0.0005990683411558473, 0.0005910407130916915, 0.0005831157788634307, 0.0005752862741549813, 0.0005675616984566059, 0.0005599319313963261, 0.0005524010707934705, 0.0005449613556265838, 0.000537621974945069, 0.0005303736776113511, 0.0005232182641824093, 0.0005161518231034279, 0.0005091775208711626, 0.0005022890865802765, 0.0004954898729920389, 0.0004887806872526805, 0.00048215345789988866, 0.0004756130898992224, 0.0004691548024614653, 0.0004627807065844538, 0.000456486952801546, 0.00045027472078800244, 0.00044413879513740596, 0.0004380836461981139, 0.0004321095223228139, 0.00042620990425348284, 0.00042038572331269577, 0.0004146370415886247, 0.00040895901620388066, 0.00040335866312185954, 0.00039782840758562115, 0.0003923704226811728, 0.0003869803622365002, 0.00038166319330533357, 0.00037641407301028607, 0.00037123256673415514, 0.0003661160667737327, 0.0003610678017139436, 0.00035608634352684036, 0.00035116448998451265, 0.0003463117405772209, 0.00034151884416739177, 0.00033679008483886706, 0.0003321220477422082, 0.00032751311858495087, 0.0003229685127735139, 0.00031847792367140483, 0.0003140480568011605, 0.00030967903633912424, 0.00030536117653052054, 0.00030110167960325894, 0.00029689793785413134, 0.00029275082051754, 0.0002886551121870678, 0.0002846142898003263, 0.0002806258698304497, 0.0002766919632752737, 0.00027280449867248555, 0.0002689730376005172, 0.0002651897569497427, 0.0002614546567201615, 0.0002577719589074457, 0.0002541360755761465, 0.0002505476276079815, 0.0002470078567663828, 0.00024351018170515697, 0.00024006292223930362, 0.000236661732196808, 0.00023330102364222215, 0.00022998675704002412, 0.00022671756645043702, 0.00022348736723264067, 0.0002203051000833512, 0.0002171604583660763, 0.00021406027177969642, 0.00021099969744682319, 0.00020798034965991986, 0.00020500024159749355, 0.0002020598699649176, 0.00019915861388047535, 0.00019629448652267462, 0.00019347108900547028, 0.00019068320592244474, 0.00018793058892091128, 0.00018521981934706386, 0.00018254071474075337, 0.00017989700039227808, 0.0001772870620091755, 0.00017471698423226692, 0.00017218155165513356, 0.00016967381040255218, 0.0001672053088744482, 0.000164766237139702, 0.00016235982378323886, 0.00015998656551043208, 0.0001576432337363562, 0.00015533280869325003, 0.0001530555387338002, 0.0001508055875698725, 0.00014858568708101924, 0.0001463968306779861, 0.00014423752824465458, 0.00014210691054662069, 0.0001400049775838853, 0.0001379304875930151, 0.0001358856757481894, 0.00013386557499567674, 0.00013187378644943248, 0.00012990782658259077, 0.00012797067562739063, 0.00012605811158816033, 0.00012417075534661625, 0.00012231009701887773, 0.00012047539154688532, 0.0001186609268188477, 0.0001168761402368546, 0.00011511196692784635, 0.00011337424317995702, 0.00011165961623191834, 0.00010996758937835699, 0.00010830039779345196, 0.0001066530744234722, 0.00010502884785334272, 0.00010342448949813847, 0.00010184558729330706, 0.00010028754671414701, 9.874912599722555e-05, 9.723417460918434e-05, 9.573573867479966e-05, 9.425779183705652e-05, 9.280691544214893e-05, 9.137019515037534e-05, 8.995421230793007e-05, 8.855586250623064e-05, 8.717775344848631e-05, 8.582000931104029e-05, 8.448014656702687e-05, 8.315940697987876e-05, 8.185518284638726e-05, 8.05677225192388e-05, 7.929950952529918e-05, 7.804905374844871e-05, 7.68125057220459e-05, 7.559744020303098e-05, 7.439789672692619e-05, 7.32161104679108e-05, 7.20446308453878e-05, 7.089662055174507e-05, 6.975928942362471e-05, 6.864319245020552e-05, 6.753715376059218e-05, 6.644924481709806e-05, 6.537574032942459e-05, 6.431552271048236e-05, 6.327082713445035e-05, 6.224364042282112e-05, 6.1224897702535e-05, 6.022651990254719e-05, 5.924018720785777e-05, 5.82667688528697e-05, 5.730477472146357e-05, 5.635768175125126e-05, 5.542375147342681e-05, 5.450360476970675e-05, 5.3596869111061134e-05, 5.270180602868399e-05, 5.181965728600821e-05, 5.0951416293780074e-05, 5.009062588214875e-05, 4.9246102571487446e-05, 4.841089248657227e-05, 4.758996268113462e-05, 4.677834610144296e-05, 4.597989221413933e-05, 4.5192490021387776e-05, 4.441253840923309e-05, 4.3648233016332046e-05, 4.289286832014722e-05, 4.215116302172348e-05, 4.1416784127553325e-05, 4.0691470106442795e-05, 3.997770448525751e-05, 3.9275238911310846e-05, 3.858481844266256e-05, 3.7900234262148545e-05, 3.722521166006726e-05, 3.656372427940371e-05, 3.590770065784455e-05, 3.526272873083752e-05, 3.462769091129302e-05, 3.400283555189771e-05, 3.338220218817395e-05, 3.277510404586797e-05, 3.2177815834681204e-05, 3.158450126647953e-05, 3.100049992402393e-05, 3.0426681041717534e-05, 2.9861306150754322e-05, 2.9300277431805936e-05, 2.875265975793204e-05, 2.82114992539088e-05, 2.76762992143631e-05, 2.7150909105936726e-05, 2.663135528564455e-05, 2.6120866338411973e-05, 2.561534444491069e-05, 2.511938412984215e-05, 2.4631371100743625e-05, 2.414894600709281e-05, 2.3670991261800126e-05, 2.3205081621805864e-05, 2.2742276390393598e-05, 2.2286797563234968e-05, 2.184088031450907e-05, 2.140216529369355e-05, 2.0963946978251145e-05, 2.0538270473480237e-05, 2.011358737945558e-05, 1.9699086745580055e-05, 1.9287690520286567e-05, 1.888610422611239e-05, 1.848762234052024e-05, 1.8094604214032502e-05, 1.7709781726201386e-05, 1.7330671350161246e-05, 1.695603132247926e-05, 1.6589462757110622e-05, 1.6225998600324015e-05, 1.5870357553164176e-05, 1.551695168018342e-05, 1.516963044802347e-05, 1.48261586825053e-05, 1.4492496848106387e-05, 1.4159455895423891e-05, 1.3833617170651768e-05, 1.3513614734013887e-05, 1.3195723295211796e-05, 1.288503408432007e-05, 1.2576828400294013e-05, 1.2272596359252937e-05, 1.1975690722465523e-05, 1.1682013670603436e-05, 1.1395414670308435e-05, 1.1113161842028313e-05, 1.083103319009146e-05, 1.0556851824124656e-05, 1.0286023219426481e-05, 1.0019789139429733e-05, 9.756411115328481e-06, 9.497875968615219e-06, 9.2453012863795e-06, 8.99421672026318e-06, 8.745491504669194e-06, 8.503720164299019e-06, 8.2677851120631e-06, 8.031477530797335e-06, 7.798274358113612e-06, 7.571652531623848e-06, 7.348135113716126e-06, 7.125983635584511e-06, 6.909544269243879e-06, 6.6952159007390375e-06, 6.483743588129691e-06, 6.275872389475518e-06, 6.074706713358567e-06, 5.874534447987882e-06, 5.676845709482839e-06, 5.483006437619528e-06, 5.289291342099508e-06, 5.106131235758471e-06, 4.920115073521937e-06, 4.739190141359969e-06, 4.562114675839743e-06, 4.385411739349369e-06, 4.212930798530576e-06, 4.041443268458052e-06, 3.877157966295885e-06, 3.7126243114471458e-06, 3.552933533986412e-06, 3.3936152855555273e-06, 3.2371530930201248e-06, 3.0856579542160083e-06, 2.934659520785017e-06, 2.785772085189822e-06, 2.639616529146837e-06, 2.4954477945963627e-06, 2.3540109395980843e-06, 2.216671903928124e-06, 2.0818163951238036e-06, 1.947705944379175e-06, 1.8164515495300321e-06, 1.6910334428151472e-06, 1.5621383984883655e-06, 1.4360994100570732e-06, 1.3141582409540824e-06, 1.1950731277465859e-06, 1.075491309165956e-06, 9.627391894658434e-07, 8.458892504374224e-07, 7.36489892005925e-07, 6.263454755147334e-07, 5.180637041727733e-07, 4.120171070098924e-07, 3.0944744745890515e-07, 2.0551184813181818e-07, 1.0728836059570485e-07, 7.698933283491527e-09, -8.928279081979979e-08, -1.8229087193806655e-07, -2.775341272354094e-07, -3.693004449208543e-07, -4.568447669347107e-07, -5.462517340977964e-07, -6.321817636489838e-07, -7.166216770807881e-07, -7.987022399902305e-07, -8.8165203730265e-07, -9.605040152867613e-07, -1.037244995435076e-06, -1.1151035626729303e-06, -1.1907269557317072e-06, -1.2649844090143812e-06, -1.3370066881179785e-06, -1.40989820162455e-06, -1.4795611302057877e-06, -1.5468647082646663e-06, -1.6140441099802625e-06, -1.6797333955764746e-06, -1.7434358596801737e-06, -1.8077592055002827e-06, -1.8681089083353652e-06, -1.9298245509465517e-06, -1.9886841376622494e-06, -2.0448118448257416e-06, -2.103547255198158e-06, -2.157812317212421e-06, -2.2114564975102725e-06, -2.2633622090021746e-06, -2.316261331240333e-06, -2.3665527502695693e-06, -2.414857347806292e-06, -2.464155356089272e-06, -2.511466542879738e-06, -2.5589019060134874e-06, -2.603357036908466e-06, -2.6484330495198553e-06, -2.6905288298924743e-06, -2.736101547876991e-06, -2.7745962142944317e-06, -2.815698583920794e-06, -2.856055895487465e-06, -2.895171443621316e-06, -2.9303133487701383e-06, -2.9678146044413226e-06, -3.004570802052814e-06, -3.037229180335995e-06, -3.072619438171385e-06, -3.104905287424721e-06, -3.1361977259318026e-06, -3.1688561042149836e-06, -3.2005210717519116e-06, -3.226473927497862e-06, -3.255407015482582e-06, -3.2848368088404324e-06, -3.309920430183408e-06, -3.337984283765155e-06, -3.3619503180185946e-06, -3.3865372339884412e-06, -3.4117450316747023e-06, -3.4354627132415748e-06, -3.4564485152562444e-06, -3.4784277280171696e-06, -3.5009036461512243e-06, -3.5242487986882514e-06, -3.5415093104044553e-06, -3.561750054359435e-06, -3.5800039768218986e-06, -3.598133722941081e-06, -3.6172568798065173e-06, -3.6363800366719555e-06, -3.648052612940469e-06, -3.6659340063730852e-06, -3.6810835202534968e-06, -3.695984681447345e-06, -3.7088990211486813e-06, -3.7241727113723735e-06, -3.7385771671930925e-06, -3.747642040252684e-06, -3.762667377789812e-06, -3.7721047798792506e-06, -3.781293829282123e-06, -3.7964433431625367e-06, -3.8051356871922796e-06, -3.815566500027974e-06, -3.8235137859980244e-06]"
33,32768,2,"[0, 0, 0, 0, 0, 0, 0, 0, 0, 0, 0, 0, 0, 0, 0, 0, 0, 0, 0, 0, 0, 0, 0, 0, 0, 0, 0, 0, 0, 0, 0, 0, 0, 0, 0, 0, 0, 0, 0, 0, 0, 0, 0, 0, 0, 0, 0, 0, 0, 0, 0, 0, 0, 0, 0, 0, 0, 0, 0, 0, 0, 0, 0, 0, 0, 0, 0, 0, 0, 0, 0, 0, 0, 0, 0, 0, 0, 0, 0, 0, 0, 0, 0, 0, 0, 0, 0, 0, 0, 0, 0, 0, 0, 0, 0, 0, 0, 0, 0, 0, 0, 0, 0, 0, 0, 0, 0, 0, 0, 0, 0, 0, 0, 0, 0, 0, 0, 0, 0, 0, 0, 0, 0, 0, 0, 0, 0, 0, 0, 0, 0, 0, 0, 0, 0, 0, 0, 0, 0, 0, 0, 0, 0, 0, 0, 0, 0, 0, 0, 0, 0, 0, 0, 0, 0, 0, 0, 0, 0, 0, 0, 0, 0, 0, 0, 0, 0, 0, 0, 0, 0, 0, 0, 0, 0, 0, 0, 0, 0, 0, 0, 0, 0, 0, 0, 0, 0, 0, 0, 0, 0, 0, 0, 0, 0, 0, 0, 0, 0, 0, 0, 0.008427176624536507, 0.01627105654527742, 0.023645708026985304, 0.030691922021408847, 0.037464804140229985, 0.04397384499510126, 0.0502268714830279, 0.056234794544676885, 0.06200742529084279, 0.06755268505463993, 0.07287781940152241, 0.07799019248535229, 0.08289703242480746, 0.08760515656322233, 0.09212087839841838, 0.09645021973798666, 0.10059915520250788, 0.10457376297563306, 0.10838042063017674, 0.11202602759003631, 0.11551817748695602, 0.1188653838510314, 0.12207726333290322, 0.1251643456518649, 0.12813712141166117, 0.1310039109239975, 0.13376951379080598, 0.13643620759248723, 0.13900579158216708, 0.1414807314674058, 0.14386550889660904, 0.14616872022549304, 0.14840421217183258, 0.1505878536651531, 0.15273230522871006, 0.15484620624532286, 0.1569357267891366, 0.1590033719937006, 0.1610471311335761, 0.16306494877984115, 0.16505877673625932, 0.16703411775330693, 0.1689973140135406, 0.17094785006095947, 0.17287561496098827, 0.174766461427013, 0.17660719479123738, 0.1783891573548316, 0.18010884628941604, 0.18176616262644513, 0.18336348726103682, 0.18490479805817187, 0.1863944338013727, 0.18783635627478343, 0.18923396635800585, 0.19059022801617764, 0.19190783935288572, 0.193189184864362, 0.19443638684848932, 0.1956512636194625, 0.19683540879438297, 0.1979902430747944, 0.19911733294526715, 0.20021905905256662, 0.20130142861356315, 0.2023806875571608, 0.20339250223090238, 0.2043804590279855, 0.20550387067099402, 0.2064593439300853, 0.20738683628539223, 0.20826921189824724, 0.2091241352880992, 0.20995563746740403, 0.21076773162931198, 0.2115628621230522, 0.21234255737314608, 0.21310786021252462, 0.21385939450313632, 0.2145975455020862, 0.2153226171930629, 0.2160347451766329, 0.21673403003563463, 0.2174205586935081, 0.21809440056482932, 0.21875558818380025, 0.21940422796954687, 0.22004037859539177, 0.22066419273614862, 0.22127578898022565, 0.22187530354907092, 0.22246292624622563, 0.22303885960330558, 0.22360328764965118, 0.22415642788012818, 0.22469853454579897, 0.22522983948389663, 0.22575058098882414, 0.22626105317225048, 0.21950715308388064, 0.21277412579705302, 0.20615582385410852, 0.19975066470603134, 0.19359433843443777, 0.18769237094869198, 0.18203737878551068, 0.17661779702951502, 0.17142161112278684, 0.16643749376138037, 0.16165503766387693, 0.15706455856561655, 0.15265686046332114, 0.1484232972686488, 0.14435556226720406, 0.14044575691223132, 0.13668631886442495, 0.1330700490623711, 0.12959002101172992, 0.12623973575731107, 0.12301297057420003, 0.1199038542807102, 0.11690679856886461, 0.11401655264198772, 0.11122814000894618, 0.10853683277964585, 0.10593820363283146, 0.10342804342508309, 0.10100238167991231, 0.09865745846182099, 0.09638973027467723, 0.09419582604120168, 0.09207257839540632, 0.09001694569985065, 0.08802608828991645, 0.08609728123992676, 0.08422798036287224, 0.08241570716102917, 0.08065816002587471, 0.07895312986026201, 0.07729850684603051, 0.07569232117384667, 0.07413264171530796, 0.07261767406016584, 0.07114569470286367, 0.06971504768977554, 0.06832417218635473, 0.06697157180557643, 0.06565581342826281, 0.06437554812679683, 0.0631294539198279, 0.06191630282749729, 0.060734887545307426, 0.05958409514278168, 0.058462832247217454, 0.05737004783004517, 0.05630474494149285, 0.05526599244525031, 0.05425286081929999, 0.0532644839957356, 0.05230002645403145, 0.05135868992656468, 0.050439694151282286, 0.04954231604933734, 0.04866584260016677, 0.04780959722896413, 0.046972919317583205, 0.04615521170198916, 0.04535586001972355, 0.04457428927222884, 0.04380994265278178, 0.04306230389823513, 0.04233085426191489, 0.04161511057366924, 0.04091460133592287, 0.040228866537411985, 0.039557484971980236, 0.03890001997351645, 0.038256090879440284, 0.037625292253990944, 0.037007265103359985, 0.03640164130677778, 0.03580808117985724, 0.035226254910230625, 0.03465582833935816, 0.03409650443742669, 0.03354798412571349, 0.033009980805218206, 0.032482213775316855, 0.03196441909919181, 0.03145633637905119, 0.03095772607872882, 0.03046833785871662, 0.02998795031259456, 0.02951632849872109, 0.02905326336622237, 0.028598549465338366, 0.028151981594661854, 0.027713363058865056, 0.027282510014871746, 0.026859236322343327, 0.026443369127809986, 0.02603474066903193, 0.025633176788687675, 0.025238526860872884, 0.024850632560749836, 0.024469347546497967, 0.02409451908121505, 0.02372601646929977, 0.02336369746675093, 0.02300743050873278, 0.02265709644804398, 0.022312555213769267, 0.02197369802743195, 0.021640407542387628, 0.021312566474080072, 0.020990069955587377, 0.020672802627086633, 0.020360667258501036, 0.020053558113674305, 0.019751384419699505, 0.019454040875037503, 0.019161442480981342, 0.01887349716077248, 0.018590112465123328, 0.018311206934352703, 0.01803669904669125, 0.01776649753252664, 0.017500538378953923, 0.017238735780119883, 0.01698101672033468, 0.01672730352729558, 0.01647752492378154, 0.016231625775496163, 0.015989519655704495, 0.015751141806443526, 0.015516440259913595, 0.015285344297687206, 0.015057789534330361, 0.014833716178933776, 0.01461306766917308, 0.01439579129219054, 0.014181814839442565, 0.013971098760763793, 0.013763583761950329, 0.013559214212000363, 0.013357944289843235, 0.01315971246610084, 0.012964481798311068, 0.012772200256586059, 0.012582813948392862, 0.012396279846628505, 0.012212554054955636, 0.01203159174571434, 0.011853343558808162, 0.011677774724860975, 0.01150483638048171, 0.011334490713973832, 0.011166698113083833, 0.011001412694652874, 0.010838599813481163, 0.010678218677639958, 0.010520235635340205, 0.01036461126059293, 0.010211306127409132, 0.010060292047758893, 0.009911524193982274, 0.00976497394343217, 0.009620606340467928, 0.00947838642944892, 0.009338286581138762, 0.009200268549223739, 0.009064303400615852, 0.00893035810440778, 0.008798403975864247, 0.008668411771456396, 0.008540347963571544, 0.008414190014203382, 0.008289903402328486, 0.008167462982237337, 0.00804683739940325, 0.007928001818557575, 0.007810930535197254, 0.007695594429969786, 0.007581967798372106, 0.007470030027131239, 0.007359749947985009, 0.007251103843251859, 0.0071440673743685046, 0.007038617506623262, 0.006934729963541028, 0.006832384131848807, 0.006731553499897316, 0.006632219317058721, 0.006534351594746106, 0.006437935555974639, 0.0063429476693272575, 0.006249365024268625, 0.0061571682492891945, 0.006066340145965414, 0.005976854388912515, 0.005888693717618777, 0.005801837953428426, 0.0057162690286834995, 0.00563196471581856, 0.005548908561468121, 0.005467082932591434, 0.005386467340091861, 0.005307042598724362, 0.005228797843058902, 0.00515170861035585, 0.005075759875277677, 0.005000933570166425, 0.004927218208710352, 0.004854589886963367, 0.0047830356284976, 0.004712540159622828, 0.004643089510500428, 0.004574664185444516, 0.004507249531646567, 0.004440833752353982, 0.0043753992766141885, 0.004310931389530499, 0.004247417238851386, 0.004184842730561891, 0.0041231937085588755, 0.0040624542782704024, 0.004002611835797625, 0.003943656757473943, 0.0038855683679382, 0.003828341017166771, 0.0037719594935576102, 0.00371640933056672, 0.0036616810287038466, 0.0036077623565991686, 0.003554639406502245, 0.0035022957871357584, 0.0034507312501470236, 0.003399926610291003, 0.0033498713746666882, 0.0033005557333429625, 0.0032519662752747524, 0.0032040972883502633, 0.0031569324433803544, 0.0031104638551672273, 0.003064678609371182, 0.003019573477407296, 0.0029751302674412717, 0.0029313440124193804, 0.002888202170530953, 0.0028456977258125927, 0.0028038189435998584, 0.002762558683753011, 0.002721904714902241, 0.0026818523183464982, 0.002642387089629967, 0.0026035059864322322, 0.0025651955977082238, 0.0025274485970536837, 0.0024902608866492902, 0.0024536205455660794, 0.002417520371576148, 0.0023819499959548294, 0.00234690625220537, 0.0023123734320203452, 0.002278351162870725, 0.002244831124941507, 0.002211798851688702, 0.0021792567024628323, 0.0021471939360102003, 0.002115602294603983, 0.0020844734584291773, 0.002053803081313768, 0.0020235861341158542, 0.0019938142970204347, 0.001964474221070606, 0.0019355695694684976, 0.0019070890421668681, 0.0018790271133184424, 0.0018513786916931462, 0.0018241348986824347, 0.0017972908293207477, 0.0017708407714962949, 0.001744780130684374, 0.0017191048090656597, 0.0016938016439477603, 0.0016688710699478766, 0.001644308802982171, 0.0016201033567388844, 0.0015962551037470487, 0.0015727560967206948, 0.0015496022999286646, 0.0015267879391709952, 0.0015043087924520172, 0.0014821606998642275, 0.0014603338514765098, 0.0014388277505834888, 0.001417639665305614, 0.0013967599719762792, 0.001376188856860001, 0.0013559145232041674, 0.001335940385858217, 0.0013162578145662933, 0.0012968646983305607, 0.0012777527794241902, 0.0012589252864321067, 0.001240369987984498, 0.0012220881258447956, 0.0012040715043743439, 0.001186319378515084, 0.0011688284575939165, 0.0011515950784087175, 0.0011346089964111635, 0.0011178781588872268, 0.0011013898998498911, 0.0010851385692755375, 0.0010691301897168158, 0.0010533514743049938, 0.0010378057758013404, 0.0010224865128596618, 0.001007392940421899, 0.0009925188496708863, 0.000977864488959312, 0.0009634222835302344, 0.0009491924817363419, 0.0009351671983798338, 0.0009213516488671295, 0.0009077331672112141, 0.0008943183968464529, 0.0008810970311363534, 0.0008680703118443486, 0.000855232961475849, 0.0008425822481513016, 0.0008301186064879096, 0.0008178338408470148, 0.0008057321732242899, 0.0007938077052434282, 0.0007820529863238329, 0.0007704704999923701, 0.0007590628539522479, 0.0007478184377153714, 0.0007367358853419617, 0.0007258165627717967, 0.0007150596628586445, 0.0007044567416111625, 0.000694011089702447, 0.0006837122142314905, 0.0006735681245724358, 0.0006635723014672594, 0.000653720026214917, 0.000644015272458394, 0.0006344514588514957, 0.0006250259776910145, 0.0006157389531532918, 0.0006065844247738515, 0.0005975664903720217, 0.0005886794378360109, 0.0005799210319916405, 0.0005712935080130891, 0.0005627904087305068, 0.0005544073879718777, 0.0005461521446704863, 0.0005380135029554364, 0.0005299966782331464, 0.0005220988144477206, 0.0005143093566099801, 0.0005066393564144765, 0.0004990813632806141, 0.0004916310310363768, 0.0004842902223269144, 0.0004770573228597639, 0.00046992699305216444, 0.00046290544172128005, 0.00045598273475964843, 0.0004491617282231646, 0.00044244229793548545, 0.0004358183592557906, 0.00042929202318191506, 0.00042286291718482953, 0.0004165279368559516, 0.00041028223931789367, 0.0004041274388631183, 0.00039806527396043113, 0.0003920925160249071, 0.0003862017144759494, 0.0003804008165995279, 0.0003746853520472843, 0.0003690525889396667, 0.0003635016580422718, 0.0003580316901206968, 0.0003526430577039716, 0.0003473307937383648, 0.0003420963883399962, 0.0003369422008593875, 0.0003318592905998228, 0.0003268512586752573, 0.00032191661496957147, 0.00031705424189567536, 0.0003122624009847639, 0.00030754220982392614, 0.0003028904398282367, 0.00029830634593963623, 0.00029379079739252716, 0.00028933982054392496, 0.0002849536637465158, 0.0002806339412927627, 0.00027637543777624747, 0.0002721791466077168, 0.0002680456886688868, 0.00026397320131460813, 0.00025995646913846326, 0.00025600045919418337, 0.00025210566818714133, 0.0002482627828915913, 0.00024447788794835384, 0.00024074986577033973, 0.00023707685371239967, 0.00023345661660035435, 0.000229889651139577, 0.000226373349626859, 0.00022290969888369235, 0.00021949646373589822, 0.00021613389253616322, 0.0002128217369318008, 0.0002095588793357213, 0.0002063401043415069, 0.00020316913723945608, 0.0002000467230876287, 0.0001969690124193826, 0.0001939353843530018, 0.00019094869494438156, 0.00018800646066665635, 0.00018510508040587098, 0.00018224753439426407, 0.00017943158745765676, 0.0001766582330067951, 0.00017392573257287333, 0.00017123011251290627, 0.00016857696076234176, 0.00016596267620722446, 0.0001633867621421813, 0.00016084797680377956, 0.0001583494246006012, 0.00015588228901227297, 0.0001534530272086461, 0.0001510635018348693, 0.0001487060139576593, 0.00014638292292753845, 0.00014409497380256652, 0.00014184179405371343, 0.00013962003091971072, 0.00013743403057257328, 0.0001352777083714803, 0.00013315255443255094, 0.00013106291492780042, 0.000128998855749766, 0.00012696906924247734, 0.00012496983011563614, 0.000122994432846705, 0.00012105566759904221, 0.00011914186179637901, 0.00011725574731826778, 0.0001153980692227681, 0.00011356733739376061, 0.00011176628371079757, 0.0001099903136491775, 0.00010823917885621383, 0.00010651486615339913, 0.00010481737554073333, 0.00010314633448918657, 0.00010149814188480377, 9.987466037273405e-05, 9.827377895514159e-05, 9.670021633307136e-05, 9.514726698398584e-05, 9.361666937669111e-05, 9.211028615633643e-05, 9.062563379605609e-05, 8.916345735390974e-05, 8.77210249503453e-05, 8.630404869715368e-05, 8.490458130836482e-05, 8.35258513689041e-05, 8.217257757981611e-05, 8.08371851841608e-05, 7.952141265074406e-05, 7.822463909784953e-05, 7.69478579362233e-05, 7.569057246049238e-05, 7.44509200255076e-05, 7.32289006312688e-05, 7.202786703904463e-05, 7.084471484025317e-05, 6.967571874459584e-05, 6.852659086386357e-05, 6.739695866902665e-05, 6.628086169560748e-05, 6.51838878790537e-05, 6.410231192906694e-05, 6.30371272563934e-05, 6.19880855083465e-05, 6.0954814155896495e-05, 5.993867913881931e-05, 5.893434087435401e-05, 5.79471389452616e-05, 5.697508653004961e-05, 5.601582427819568e-05, 5.507258077462511e-05, 5.414324502150213e-05, 5.3226699431737234e-05, 5.232381323973337e-05, 5.143607656160986e-05, 5.05643586317698e-05, 4.970133304595942e-05, 4.885643720626828e-05, 4.801861941814419e-05, 4.719570279121396e-05, 4.6385700503985056e-05, 4.559022684892016e-05, 4.4805059830347655e-05, 4.403094450632728e-05, 4.326750834782919e-05, 4.2518724997838316e-05, 4.1778261462847384e-05, 4.105083644390102e-05, 4.033197959264115e-05, 3.9626161257425934e-05, 3.893325726191201e-05, 3.824792802333831e-05, 3.757451971371968e-05, 3.6911790569623274e-05, 3.625713288784025e-05, 3.5616755485534645e-05, 3.498109678427378e-05, 3.4358849128087354e-05, 3.3747032284736625e-05, 3.3139064908027625e-05, 3.254587451616922e-05, 3.19588929414749e-05, 3.1380976239840175e-05, 3.081386288007097e-05, 3.025569021701812e-05, 2.9703478018442764e-05, 2.9161199927329995e-05, 2.8628483414649945e-05, 2.810309330622355e-05, 2.758465707302092e-05, 2.7075782418251025e-05, 2.6576220989227278e-05, 2.6082371671994504e-05, 2.55970905224482e-05, 2.5117645661036148e-05, 2.4647762378056823e-05, 2.4184460441271456e-05, 2.3726001381874073e-05, 2.3274744550387054e-05, 2.2834911942481967e-05, 2.239868044853209e-05, 2.197188635667164e-05, 2.15484450260798e-05, 2.113208174705503e-05, 2.0724410812060016e-05, 2.0323321223258952e-05, 1.9928440451622006e-05, 1.9539892673492428e-05, 1.9153331716855354e-05, 1.8776332338651002e-05, 1.840653518835703e-05, 1.8039718270301802e-05, 1.767960687478382e-05, 1.732669770717619e-05, 1.697627206643422e-05, 1.6634662946065262e-05, 1.629566152890523e-05, 1.596783598264057e-05, 1.5639637907346084e-05, 1.5317151943842558e-05, 1.5000378092130018e-05, 1.4689564704895012e-05, 1.4382973313331603e-05, 1.408047974109649e-05, 1.3787051041920978e-05, 1.3493994871775298e-05, 1.3205160697301226e-05, 1.2925391395886728e-05, 1.2645373741785679e-05, 1.2374669313430772e-05, 1.2106324235598237e-05, 1.1841331919034317e-05, 1.1578450600306181e-05, 1.1325006683667487e-05, 1.1071811119715369e-05, 1.0822713375091545e-05, 1.058230797449747e-05, 1.0343268513679496e-05, 1.0108326872189835e-05, 9.876117110252377e-06, 9.64788099129994e-06, 9.422500928242992e-06, 9.204323093096408e-06, 8.985896905263256e-06, 8.773803710937496e-06, 8.56481492519378e-06, 8.354832728703811e-06, 8.152921994527172e-06, 7.954612374305719e-06, 7.758165399233497e-06, 7.563332716623934e-06, 7.377564907073969e-06, 7.187947630882257e-06, 7.004663348197931e-06, 6.822496652603144e-06, 6.650388240814202e-06, 6.476044654846183e-06, 6.304432948430371e-06, 6.132572889327996e-06, 5.968660116195675e-06, 5.804126461346938e-06, 5.646174152692154e-06, 5.487228433291112e-06, 5.334367354710889e-06, 5.181257923444106e-06, 5.032867193222041e-06, 4.888450105985001e-06, 4.742294549942012e-06, 4.600236813227332e-06, 4.461407661437983e-06, 4.321709275245661e-06, 4.190454880396521e-06, 4.05622025330861e-06, 3.926828503608699e-06, 3.798181811968482e-06, 3.675371408462519e-06, 3.552064299583432e-06, 3.4312407175699842e-06, 3.31128636995951e-06, 3.1949331363042153e-06, 3.0801941951115894e-06, 2.9669453700383456e-06, 2.8579185406366945e-06, 2.749015887578325e-06, 2.642596761385596e-06, 2.5403996308644577e-06, 2.4365882078806515e-06, 2.33476360638936e-06, 2.2343049446741697e-06, 2.139682571093238e-06, 2.042079965273536e-06, 1.9493202368418337e-06, 1.8582989772160811e-06, 1.7685194810231493e-06, 1.6786158084869335e-06, 1.5895813703536953e-06, 1.5082458655039438e-06, 1.4243026574452688e-06, 1.3423462708791073e-06, 1.2616316477457655e-06, 1.1811653772989875e-06, 1.1014441649119024e-06, 1.0268141825993822e-06, 9.537984927495284e-07, 8.823970953623424e-07, 8.078912893931036e-07, 7.374833027521736e-07, 6.688137849171938e-07, 5.986541509628273e-07, 5.33585747083025e-07, 4.67399756113686e-07, 4.0320058663685884e-07, 3.445893526077245e-07, 2.8051435947417915e-07, 2.192954222361215e-07, 1.6118089358011492e-07, 1.0679165522257348e-07, 4.954636096954237e-08, -8.071462313335801e-09, -6.171564261118873e-08, -1.1275211970011673e-07, -1.6714135805765976e-07, -2.1668771902720294e-07, -2.6797254880269587e-07, -3.1540791193644403e-07, -3.658235073089619e-07, -4.1226545969645406e-07, -4.587074120839449e-07, -5.026658376057953e-07, -5.460033814112373e-07, -5.890925725301129e-07, -6.313125292460135e-07, -6.715456644694033e-07, -7.135172684987411e-07, -7.527569929758739e-07, -7.903824249903386e-07, -8.302430311838818e-07, -8.669992287953702e-07, -9.016444285710691e-07, -9.391456842422498e-07, -9.745359420776383e-07, -1.0073184967041047e-06, -1.040721933046981e-06]"
33,32768,3,"[0, 0, 0, 0, 0, 0, 0, 0, 0, 0, 0, 0, 0, 0, 0, 0, 0, 0, 0, 0, 0, 0, 0, 0, 0, 0, 0, 0, 0, 0, 0, 0, 0, 0, 0, 0, 0, 0, 0, 0, 0, 0, 0, 0, 0, 0, 0, 0, 0, 0, 0, 0, 0, 0, 0, 0, 0, 0, 0, 0, 0, 0, 0, 0, 0, 0, 0, 0, 0, 0, 0, 0, 0, 0, 0, 0, 0, 0, 0, 0, 0, 0, 0, 0, 0, 0, 0, 0, 0, 0, 0, 0, 0, 0, 0, 0, 0, 0, 0, 0, 0, 0, 0, 0, 0, 0, 0, 0, 0, 0, 0, 0, 0, 0, 0, 0, 0, 0, 0, 0, 0, 0, 0, 0, 0, 0, 0, 0, 0, 0, 0, 0, 0, 0, 0, 0, 0, 0, 0, 0, 0, 0, 0, 0, 0, 0, 0, 0, 0, 0, 0, 0, 0, 0, 0, 0, 0, 0, 0, 0, 0, 0, 0, 0, 0, 0, 0, 0, 0, 0, 0, 0, 0, 0, 0, 0, 0, 0, 0, 0, 0, 0, 0, 0, 0, 0, 0, 0, 0, 0, 0, 0, 0, 0, 0, 0, 0, 0, 0, 0, 0, 0.0028639904533823302, 0.006491662872334322, 0.0100678668046991, 0.013413087154428158, 0.016523799051841103, 0.0194509720429778, 0.022234361556669077, 0.02490261464069286, 0.027475901196400334, 0.029968325607478617, 0.03238981161266564, 0.03474741633981466, 0.03704640126476685, 0.039291040288905295, 0.04148495414604741, 0.043631334975361806, 0.04573297693083681, 0.04779229530443744, 0.049811467093726004, 0.051792529287437605, 0.05373761175821225, 0.05564918623616296, 0.05753033303966124, 0.059384756845732516, 0.061216051193575045, 0.06302596622457099, 0.06481347394486266, 0.06657628007233145, 0.0683133045211434, 0.07002582214772704, 0.0717177769169211, 0.07339502150813731, 0.0750629189113775, 0.07672227857013542, 0.07836766106386978, 0.07999020001540581, 0.08158176224678754, 0.08313766742746029, 0.08465639284501471, 0.0861364784960945, 0.08757472410798073, 0.08896752968430517, 0.09031282073507703, 0.09161447330067553, 0.09288222541411711, 0.09412502596775683, 0.09534681042035417, 0.09654862297077967, 0.09773116850604609, 0.09889512664328019, 0.10004177062461769, 0.10117307100445029, 0.10229111897448696, 0.10339754366626339, 0.10449335308124619, 0.10557896556953585, 0.10665433866282298, 0.10771918085714176, 0.10877316879729423, 0.10981613583862776, 0.11084816375126434, 0.11186963574339945, 0.11288153839608031, 0.11388622131198643, 0.11489025546858704, 0.1159110894426703, 0.11688594240695233, 0.11785983747492232, 0.11899207308888432, 0.11997749395668501, 0.12095261352757607, 0.12189626954495904, 0.12282252355168262, 0.12373275663703671, 0.12462927456945175, 0.12551345191895957, 0.12638619498660159, 0.1272480200976132, 0.12809924936542907, 0.12893994767218828, 0.129770128428936, 0.13058963418006894, 0.13139830349634082, 0.13219595259676373, 0.13298238888382904, 0.1337574164072672, 0.1345209466293454, 0.13527276751895734, 0.13601286659638084, 0.13674115880082038, 0.13745766611148913, 0.13816235357274603, 0.1388553355510035, 0.13953664458046355, 0.14020640254020683, 0.14086471591144786, 0.14151175444324815, 0.14214765212188157, 0.14277262731144807, 0.1442096111675103, 0.13712918441742653, 0.13166986250629015, 0.12737553603947158, 0.1238158327216903, 0.12072038470456994, 0.11793027737488343, 0.11535323243588198, 0.1129345584039886, 0.11064065570632613, 0.10844974437107635, 0.10634697439769898, 0.10432162924359238, 0.10236564955363667, 0.10047262292355291, 0.09863740193347134, 0.09685563047726942, 0.09512356532116727, 0.09343798663467166, 0.09179605245590206, 0.09019520450383418, 0.08863323107361785, 0.08710806425660843, 0.08561791653434433, 0.08416113375375667, 0.08273620357116057, 0.08134179810682927, 0.07997669590016206, 0.07863972665121155, 0.07732990017781649, 0.076046252126495, 0.07478791108975806, 0.07355409202476339, 0.07234400771558282, 0.07115698847919698, 0.06999237071722743, 0.06884954739361998, 0.06772794425487515, 0.06662702548007168, 0.06554627635826665, 0.06448519577582676, 0.06344332204510762, 0.062420222846170256, 0.06141547095030544, 0.060428644840915965, 0.059459355783959215, 0.05850723627954719, 0.057571905044217865, 0.05665302636722722, 0.0557502475256721, 0.05486323653409876, 0.05399166507025561, 0.0531352394570907, 0.05229364304492868, 0.05146657253305115, 0.05065374864886202, 0.04985487572848795, 0.04906969411919511, 0.0482979339857896, 0.047539324996372055, 0.0467936183636387, 0.04606056498984493, 0.045339908947547254, 0.04463143162429332, 0.04393487634758154, 0.04325002723683913, 0.04257665704935788, 0.04191455170512197, 0.04126350724448761, 0.040623285807669156, 0.03999371584504842, 0.039374571976562335, 0.03876566421240567, 0.03816681702931723, 0.03757782404621441, 0.03699849812934795, 0.036428679153323144, 0.0358681747689843, 0.03531682503720123, 0.03477445114403961, 0.03424088905254999, 0.03371598049998281, 0.033199569893379986, 0.03269150344034034, 0.03219162082920471, 0.03169977621485788, 0.03121582884341477, 0.03073963616043327, 0.03027105188618103, 0.029809945262968526, 0.029356187830368658, 0.028909637841085578, 0.028470179066061977, 0.0280376773327589, 0.027612011010448134, 0.027193064180513198, 0.026780719558397923, 0.026374854830404106, 0.025975362708171194, 0.025582133233547202, 0.025195061291257537, 0.02481403208027282, 0.0244389498606324, 0.02406970473627248, 0.023706203512847412, 0.023348346538841703, 0.022996042420466732, 0.022649188712239254, 0.02230770314733187, 0.02197148911654949, 0.021640462242066855, 0.021314532247682396, 0.02099361990888912, 0.020677637246747812, 0.020366506651043885, 0.02006014684836068, 0.019758478738367547, 0.019461427318553118, 0.01916891274352868, 0.018880866840481753, 0.018597214668989174, 0.018317887559533116, 0.018042812620600063, 0.017771925404667842, 0.01750515395154555, 0.017242432634035736, 0.016983699798583978, 0.016728897082308916, 0.01647795364260673, 0.016230809440215415, 0.015987410085896638, 0.015747689393659427, 0.015511595954497652, 0.01527907090882459, 0.015050054527819148, 0.01482450036952892, 0.014602347152928503, 0.014383544648687033, 0.01416804088900485, 0.013955784154434993, 0.01374672812720139, 0.013540818231801187, 0.013338005853195974, 0.013138246784607566, 0.012941495080788923, 0.012747697904705996, 0.012556821232040714, 0.012368807569146151, 0.012183623388409613, 0.012001221937437849, 0.011821560189127918, 0.011644595426817728, 0.011470287479460235, 0.011298597107330948, 0.011129485815763467, 0.010962911384801065, 0.010798839852213858, 0.010637227507929005, 0.010478042811155311, 0.010321246087551111, 0.010166800518830614, 0.010014672453204788, 0.009864831343293188, 0.009717230622967084, 0.009571848871807256, 0.009428647346794597, 0.009287591154376666, 0.009148650430142874, 0.009011796427269774, 0.008876992327471571, 0.008744212674597894, 0.008613422326743605, 0.008484592661261559, 0.008357695303857321, 0.008232702190677321, 0.008109585009515282, 0.0079883133371671, 0.007868858116368452, 0.0077511975541710845, 0.007635303400456897, 0.007521142127613221, 0.007408695419629411, 0.00729793757200241, 0.0071888388444979944, 0.007081377568344267, 0.00697552847365538, 0.006871265359222886, 0.006768567922214665, 0.006667409030099707, 0.0065677693734566365, 0.006469624675810332, 0.006372949977715806, 0.006277728080749511, 0.006183933715025582, 0.006091547446946302, 0.006000543323655921, 0.005910908058285709, 0.005822615946332611, 0.00573564854760964, 0.005649985559284686, 0.005565611521402994, 0.005482499549786247, 0.0054006372268001175, 0.0053199993446469244, 0.005240572988986963, 0.005162336118519301, 0.005085273894170918, 0.005009369552135465, 0.004934602665404476, 0.004860957401494185, 0.004788416437804697, 0.004716964438557623, 0.00464658209433158, 0.004577257297933098, 0.004508970491588114, 0.0044417080779870334, 0.004375453541676202, 0.004310195706784722, 0.004245914767185846, 0.0041825963805119165, 0.004120231233537195, 0.004058797719577945, 0.0039982860907912246, 0.003938684115807214, 0.0038799714917937904, 0.0038221412027875552, 0.003765177664657431, 0.0037090664108594238, 0.0036537978177269294, 0.0035993561769525196, 0.003545729319254557, 0.0034929085522890087, 0.0034408772364258764, 0.0033896240095297485, 0.0033391450221339847, 0.0032894148801763832, 0.003240431783099967, 0.003192183064917723, 0.0031446582327286387, 0.0030978408952554055, 0.003051727451384067, 0.00300630573183298, 0.002961561953028041, 0.0029174900303284308, 0.0028740743175148962, 0.002831309040387471, 0.002789186624189216, 0.002747691050171851, 0.0027068167303999258, 0.0026665536065896343, 0.0026268952836592985, 0.0025878297165036193, 0.002549346350133419, 0.002511436988910038, 0.0024740984663367267, 0.002437313894430794, 0.0024010824039578434, 0.002365390583872795, 0.002330231728653113, 0.002295599567393461, 0.0022614852835734687, 0.0022278770183523492, 0.0021947743371129023, 0.0021621656914552045, 0.0021300418923298507, 0.0020983994627992303, 0.0020672297726074844, 0.002036521770060063, 0.0020062740892171855, 0.001976480955878893, 0.0019471285243829073, 0.001918215304613113, 0.0018897326042254764, 0.0018616763254006696, 0.0018340369065602616, 0.0018068084493279453, 0.0017799877872069663, 0.0017535688976446778, 0.001727543771266937, 0.0017019042124350862, 0.001676646930476029, 0.0016517648473381987, 0.0016272534926732368, 0.0016031092032790179, 0.0015793247769276286, 0.001555895743270714, 0.0015328101192911465, 0.0015100726236899687, 0.0014876714597145712, 0.0014656042059262595, 0.0014438660194476443, 0.0014224534854292866, 0.0014013571043809247, 0.0013805763795971867, 0.0013601031154394142, 0.0013399330899119375, 0.0013200658063093817, 0.001300492323935031, 0.0012812095383803047, 0.0012622151523828508, 0.0012435023362437879, 0.0012250686064362514, 0.0012069090579946832, 0.0011890163024266558, 0.0011713901534676548, 0.0011540285622080161, 0.0011369224016865094, 0.0011200722927848493, 0.001103473144272963, 0.0010871164500713339, 0.0010710054387648897, 0.0010551324114203443, 0.001039494263629118, 0.0010240921129782991, 0.0010089157770077387, 0.0009939645727475477, 0.0009792339677611986, 0.00096472588678201, 0.0009504300231734908, 0.0009363466252883274, 0.000922473706305027, 0.0009088035052021343, 0.0008953368912140523, 0.0008820731192827226, 0.0008690031245350838, 0.0008561258514722183, 0.0008434384440382321, 0.000830943137407303, 0.0008186316738526022, 0.0008065018181999521, 0.0007945535704493521, 0.0007827797904610633, 0.0007711827134092646, 0.0007597534606854116, 0.0007484999795754748, 0.0007374078656236327, 0.0007264805336793259, 0.0007157161210974054, 0.0007051102817058562, 0.0006946637605627379, 0.0006843680515885352, 0.000674228618542353, 0.0006642387559016544, 0.0006543964147567752, 0.0006446968764066693, 0.0006351440524061518, 0.0006257286916176474, 0.000616456940770149, 0.0006073204179604846, 0.0005983206133047739, 0.000589451566338539, 0.0005807172507047656, 0.0005721094707647955, 0.0005636277298132575, 0.000555271655321121, 0.0005470422406991321, 0.0005389319111903507, 0.0005309440195560454, 0.0005230733503897982, 0.0005153159300486243, 0.0005076748629411059, 0.0005001479138930639, 0.0004927307367324827, 0.0004854266842206319, 0.00047822420795758536, 0.0004711326211690902, 0.0004641449699799217, 0.00045726249615351357, 0.0004504771282275516, 0.00044379631678263343, 0.0004372116178274154, 0.0004307251423597335, 0.000424334406852722, 0.0004180387904246648, 0.0004118349403142926, 0.0004057214905818302, 0.0003997022906939187, 0.00039376703401406603, 0.0003879252821207046, 0.0003821658591429391, 0.0003764919936656952, 0.0003709009538094203, 0.0003653957198063532, 0.0003599674751361211, 0.00035462056597073874, 0.00034935362637042997, 0.00034416529039541866, 0.0003390497217575707, 0.0003340128809213637, 0.00032905017336209606, 0.000324162592490514, 0.000319341445962588, 0.00031459505359331764, 0.0003099220494429268, 0.00030531225105126687, 0.0003007729848225911, 0.00029630400240421273, 0.0002918967356284458, 0.0002875531713167826, 0.0002832756688197453, 0.00027906099955240875, 0.0002749096602201459, 0.00027081941564877825, 0.0002667881548404694, 0.0002628161261479057, 0.0002589030812184015, 0.00025505063434441873, 0.00025125232835610694, 0.00024751188854376445, 0.00024382434785366047, 0.00024019194145997352, 0.00023661342759927098, 0.00023308619856834403, 0.00022961273789405814, 0.00022619167963663727, 0.00022282128532727553, 0.00021949658791224145, 0.00021622280279795327, 0.00021299980580806726, 0.00020982064306735983, 0.00020668730139732352, 0.0002036043753226597, 0.0002005683879057566, 0.00019757226109504684, 0.00019462481141090378, 0.00019171709815661106, 0.00018885222574075057, 0.00018603156010309853, 0.00018325125177701308, 0.00018051192164421066, 0.00017781332135200493, 0.00017515607178211203, 0.00017253781358400976, 0.00016995718081792193, 0.00016741255919138583, 0.00016491115093231196, 0.0001624406625827153, 0.0001600089172522226, 0.00015761343141396838, 0.00015525308748086283, 0.000152928630510966, 0.00015063819785912828, 0.00014837992688020052, 0.00014615617692470553, 0.00014396409193674723, 0.000141805534561475, 0.00013967901468276973, 0.00013758130371570591, 0.0001355181137720743, 0.00013348534703254696, 0.000131479650735855, 0.00012950475017229707, 0.00012755952775478363, 0.0001256417483091354, 0.0001237545162439346, 0.0001218947271505991, 0.0001200617601474125, 0.00011825871964295702, 0.00011647765835126234, 0.00011472453673680619, 0.00011299823721249889, 0.00011129652460416158, 0.0001096220066150029, 0.00010797008872032163, 0.00010634226103623701, 0.0001047376543283462, 0.00010315974553426099, 0.00010160245001316065, 0.00010007011393705996, 9.855863948663072e-05, 9.707125524679814e-05, 9.560485680898027e-05, 9.416043758392335e-05, 9.273588657379147e-05, 9.133319060007731e-05, 8.995222548643746e-05, 8.859112858772272e-05, 8.724741637706758e-05, 8.592742184797922e-05, 8.46271713574727e-05, 8.334368467330933e-05, 8.208081126213067e-05, 8.083929618199663e-05, 7.961330314477278e-05, 7.840519150098165e-05, 7.721421619256333e-05, 7.604099810123438e-05, 7.488653063774108e-05, 7.374845445156098e-05, 7.262676954269407e-05, 7.152395943800607e-05, 7.043654719988504e-05, 6.93608075380325e-05, 6.830543279647823e-05, 6.726620097955067e-05, 6.624273955821987e-05, 6.523219247659044e-05, 6.423704326152799e-05, 6.32572919130325e-05, 6.22914483149846e-05, 6.134112675984701e-05, 6.040347119172411e-05, 5.9478605786959314e-05, 5.857050418853758e-05, 5.767519275347388e-05, 5.678944289684294e-05, 5.592207113901771e-05, 5.5064509312311773e-05, 5.422147611776985e-05, 5.338812867800391e-05, 5.257030328114826e-05, 5.176079769929249e-05, 5.096979439258573e-05, 5.018437902132669e-05, 4.941398898760475e-05, 4.865316053231553e-05, 4.790474971135455e-05, 4.716614882151285e-05, 4.6437730391820256e-05, 4.572334388891855e-05, 4.50175255537033e-05, 4.4322386384010284e-05, 4.3638174732526114e-05, 4.2964145541191055e-05, 4.2300671339035034e-05, 4.164514442284901e-05, 4.099955161412555e-05, 4.036438961823778e-05, 3.9737423261006656e-05, 3.912299871444698e-05, 3.851304451624551e-05, 3.7916749715805036e-05, 3.7329768141110724e-05, 3.6748747030893925e-05, 3.617616991202034e-05, 3.561340272426603e-05, 3.505883117516835e-05, 3.451282779375711e-05, 3.397117058436075e-05, 3.3442924420038845e-05, 3.292175630728402e-05, 3.2405182719230634e-05, 3.189829488595325e-05, 3.139885763327279e-05, 3.090836107730864e-05, 3.042457004388172e-05, 2.994462847709655e-05, 2.9475490252176893e-05, 2.901256084442137e-05, 2.8556585311889626e-05, 2.8106073538462305e-05, 2.766636510690052e-05, 2.7231872081756585e-05, 2.6800235112508124e-05, 2.6377787192662544e-05, 2.5961299737294498e-05, 2.5550027688344304e-05, 2.514794468879698e-05, 2.4750332037607816e-05, 2.4354209502538016e-05, 2.3966406782468143e-05, 2.3589779933293656e-05, 2.3214146494865407e-05, 2.2842859228452032e-05, 2.2481630245844513e-05, 2.2123008966445917e-05, 2.1770844856897976e-05, 2.142277856667834e-05, 2.1080796917279543e-05, 2.0744279026985158e-05, 2.0411238074302668e-05, 2.0083164175351442e-05, 1.9760181506474795e-05, 1.9441048304239893e-05, 1.9129986564318327e-05, 1.8821656703948963e-05, 1.8520280718803396e-05, 1.8221512436866744e-05, 1.792932550112405e-05, 1.763887703418731e-05, 1.7351284623146046e-05, 1.707337796688078e-05, 1.679646472136178e-05, 1.6523152589797955e-05, 1.6253317395846034e-05, 1.599068442980447e-05, 1.572991410891214e-05, 1.5474607547124214e-05, 1.5223895510037733e-05, 1.4975294470787042e-05, 1.472930113474527e-05, 1.448790232340494e-05, 1.4251222213109322e-05, 1.4018267393112174e-05, 1.3786678512891124e-05, 1.355794568856556e-05, 1.3337532679239896e-05, 1.3117368022600797e-05, 1.2897575894991544e-05, 1.2686227758725476e-05, 1.2477114796638478e-05, 1.2269367774327587e-05, 1.2066587805747977e-05, 1.1863435308138517e-05, 1.1667733391125988e-05, 1.147252817948658e-05, 1.1285394430160511e-05, 1.1093666156133008e-05, 1.0908519228299448e-05, 1.0726973414421071e-05, 1.054368913173675e-05, 1.0365868608156828e-05, 1.019376019636789e-05, 1.0022521018981929e-05, 9.852151075998933e-06, 9.685878952344252e-06, 9.520103534062693e-06, 9.360536932945244e-06, 9.201342860857636e-06, 9.044259786605825e-06, 8.888915181159964e-06, 8.739531040191642e-06, 8.588035901387525e-06, 8.441756169001251e-06, 8.295600612958263e-06, 8.153542876243582e-06, 8.011609315872184e-06, 7.87004828453063e-06, 7.733826835950207e-06, 7.600833972295117e-06, 7.468337814013155e-06, 7.339070240656525e-06, 7.208809256553642e-06, 7.084260384241731e-06, 6.959090630213412e-06, 6.838515400886527e-06, 6.717195113499951e-06, 6.597489118576042e-06, 6.4811358849207475e-06, 6.366521120071403e-06, 6.253272294998163e-06, 6.142506996790561e-06, 6.0347219308217276e-06, 5.927185217539461e-06, 5.819151798884066e-06, 5.713726083437594e-06, 5.612274010976149e-06, 5.509704351425162e-06, 5.408873160680128e-06, 5.313505729039503e-06, 5.215654770533237e-06, 5.122025807698561e-06, 5.026161670684806e-06, 4.935512940088901e-06, 4.842877388000482e-06, 4.7559539477030354e-06, 4.668409625689182e-06, 4.581734538078302e-06, 4.495804508527113e-06, 4.411861300468437e-06, 4.329532384872429e-06, 4.248817761739089e-06, 4.168724020322156e-06, 4.0908654530843035e-06, 4.014745354652398e-06, 3.938376903533929e-06, 3.862753510475151e-06, 3.7878751754760677e-06, 3.717467188835138e-06, 3.6464383204777973e-06, 3.5755336284637377e-06, 3.5062432289123478e-06, 3.4406781196594184e-06, 3.372008601824437e-06, 3.3060709635416604e-06, 3.2422443230946792e-06, 3.1768033901850327e-06, 3.1127283970514876e-06, 3.0515094598134295e-06, 2.9914081096649115e-06, 2.9351562261581357e-06, 2.87530322869618e-06, 2.81929969787597e-06, 2.759198347727452e-06, 2.7022014061609845e-06, 2.6501715183258005e-06, 2.5968998670577944e-06, 2.5432556867599417e-06, 2.4904807408650664e-06, 2.439692616462702e-06, 2.385924259821568e-06, 2.339233954747511e-06, 2.2873282432556097e-06, 2.238775293032321e-06, 2.1914641062418564e-06, 2.1450221538543636e-06, 2.097586790720616e-06, 2.0522624254226633e-06, 2.0076831181844023e-06, 1.965587337811784e-06]"
33,32768,Pruned Events,"[0, 0, 0, 0, 0, 0, 0, 0, 0, 0, 0, 0, 0, 0, 0, 0, 0, 0, 0, 0, 0, 0, 0, 0, 0, 0, 0, 0, 0, 0, 0, 0, 0, 0, 0, 0, 0, 0, 0, 0, 0, 0, 0, 0, 0, 0, 0, 0, 0, 0, 0, 0, 0, 0, 0, 0, 0, 0, 0, 0, 0, 0, 0, 0, 0, 0, 0, 0, 0, 0, 0, 0, 0, 0, 0, 0, 0, 0, 0, 0, 0, 0, 0, 0, 0, 0, 0, 0, 0, 0, 0, 0, 0, 0, 0, 0, 0, 0, 0, 0, 0, 0, 0, 0, 0, 0, 0, 0, 0, 0, 0, 0, 0, 0, 0, 0, 0, 0, 0, 0, 0, 0, 0, 0, 0, 0, 0, 0, 0, 0, 0, 0, 0, 0, 0, 0, 0, 0, 0, 0, 0, 0, 0, 0, 0, 0, 0, 0, 0, 0, 0, 0, 0, 0, 0, 0, 0, 0, 0, 0, 0, 0, 0, 0, 0, 0, 0, 0, 0, 0, 0, 0, 0, 0, 0, 0, 0, 0, 0, 0, 0, 0, 0, 0, 0, 0, 0, 0, 0, 0, 0, 0, 0, 0, 0, 0, 0, 0, 0, 0, 0.011723756790161133, 0.012417337236305078, 0.01218739332010349, 0.01183262001723051, 0.011459832390149444, 0.011078969389200208, 0.010713162397344905, 0.010378062662978957, 0.010073448717594163, 0.009793423054118941, 0.009532496581474939, 0.009286379814147955, 0.009051686028639483, 0.00882579057166974, 0.008606854143242054, 0.008393652737140656, 0.00818538777530195, 0.007981555288036679, 0.007781748970349639, 0.007585655773679423, 0.007392908632755296, 0.007203034994502866, 0.007015354062120116, 0.006828932153681966, 0.006642630447943998, 0.006455666820208261, 0.006268670099476986, 0.006084282323718104, 0.0059062348678707854, 0.005738251097500341, 0.005583941315611213, 0.005446994925538712, 0.005330333424111211, 0.005233603653808483, 0.005151145781079947, 0.005074028236170591, 0.004994479877253377, 0.004906858503818501, 0.004806975213189957, 0.004693671129643973, 0.004572254170974122, 0.004454388904074846, 0.004353725289305055, 0.004281159366170628, 0.004237373049060578, 0.004212634762128187, 0.004197152083118771, 0.004187887037793825, 0.004185294918715998, 0.004189579250911901, 0.004200583013395487, 0.00421680814276143, 0.0042354543382923104, 0.004253587685525417, 0.004268919241925073, 0.004279994902511408, 0.004286194592714343, 0.0042874907453854805, 0.004284128919243846, 0.004276537646849987, 0.004265076480805929, 0.004249924359222335, 0.004231029562652089, 0.004207725264132045, 0.004177657266457857, 0.004132574858764837, 0.004048660025000594, 0.004022476573785128, 0.003988860982159781, 0.003709722248216474, 0.003641878751417027, 0.0035779530803362602, 0.0035464355101188505, 0.0035234631970525454, 0.0035050866504510725, 0.003486885006229068, 0.0034664740165074592, 0.0034425685803095574, 0.0034145323559641727, 0.003382284194231089, 0.003345924677948253, 0.003305857752760266, 0.003262530080974213, 0.00321645202736065, 0.003168182385464513, 0.0031182857230306338, 0.003067213979860206, 0.003015478700399421, 0.002963443721334169, 0.002911511311928461, 0.002859991292158748, 0.002809094389279676, 0.002759036483863997, 0.002710020417968473, 0.0026620945582787603, 0.0026154034460584286, 0.002569957636296749, 0.0025257968033353673, 0.0024828798448046085, 0.002441186706225118, 0.0024677663420637486, 0.002493100178738439, 0.0025136771922310563, 0.0025156150261561594, 0.0025014850000539823, 0.002478028088808093, 0.002450194333990463, 0.0024207698802153343, 0.002391054977973317, 0.0023615265265107266, 0.0023323117444912778, 0.0023033664872249004, 0.0022745602453748126, 0.0022458188235759957, 0.0022171127920349587, 0.0021883657823006386, 0.002159586797157942, 0.002130764722824141, 0.00210190831373136, 0.002073014279206614, 0.0020441100001335477, 0.00201523508876561, 0.0019864143182833915, 0.001957645826041715, 0.0019290052354336007, 0.001900465662280748, 0.0018720915541052818, 0.0018439035241802348, 0.001815893252690659, 0.0017881294712424611, 0.0017605924978852383, 0.0017333022008339527, 0.0017062921697894584, 0.0016795720905065648, 0.0016531431426604626, 0.0016270187993844554, 0.001601219736039633, 0.001575743220746495, 0.0015505945309996771, 0.001525794776777445, 0.001501325890421873, 0.0014772058154146062, 0.001453427846233063, 0.0014300034071008383, 0.0014069397002458572, 0.001384213070074719, 0.0013618487243851063, 0.001339830458164215, 0.001318159078558312, 0.0012968385592103115, 0.001275859773159027, 0.0012552250176668112, 0.0012349280839165089, 0.001214977974692999, 0.0011953566844264685, 0.001176070235669624, 0.0011571048448483223, 0.001138470321893681, 0.0011201485991478022, 0.001102144705752539, 0.0010844551026821109, 0.001067068489889314, 0.0010499838118751825, 0.0010331963499387309, 0.0010167077183723394, 0.001000504754483711, 0.000984581249455621, 0.00096893981099129, 0.0009535841643810161, 0.0009384903435905867, 0.0009236649920543044, 0.0009090944503744591, 0.0008947824438412938, 0.0008807285378376606, 0.0008669178932905197, 0.0008533477783203153, 0.0008400111148754857, 0.0008269123733043726, 0.00081404062608878, 0.0008013918374975559, 0.0007889596745371957, 0.000776746061940975, 0.0007647422452767838, 0.0007529456168413329, 0.0007413557420174188, 0.0007299543668826541, 0.0007187593728303909, 0.0007077502086758614, 0.0006969206035137288, 0.0006862798084815297, 0.0006758198142051697, 0.000665534536043802, 0.0006554207454125133, 0.0006454799324274035, 0.0006356957058111928, 0.000626079117258399, 0.0006166165694594383, 0.00060731644431751, 0.00059816551705201, 0.0005891655882199476, 0.0005803111940622385, 0.000571601154903581, 0.0005630331734816224, 0.0005545997992158075, 0.0005463053161899323, 0.0005381441364685768, 0.0005301121001442324, 0.000522208586335185, 0.0005144326637188668, 0.0005067783718307808, 0.0004992445309956878, 0.0004918265466888755, 0.00048452994475763067, 0.0004773437355955479, 0.00047027102361122536, 0.00046331249177456596, 0.0004564588889479637, 0.0004497112706303569, 0.0004430708164970057, 0.00043652895838022787, 0.0004300924018025426, 0.00042375052968661453, 0.00041750837117433826, 0.00041136077294747636, 0.00040530903885761804, 0.0003993483881155682, 0.00039347832401594174, 0.00038769884655873166, 0.00038201175630093315, 0.0003764035801092844, 0.0003708807751536397, 0.00036544700463612967, 0.0003600890437761989, 0.00035481819262107167, 0.000349621598919235, 0.0003445021808147486, 0.0003394613663355514, 0.00033450045933326733, 0.0003296100224057866, 0.00032479142149290097, 0.0003200483197967202, 0.0003153755019108459, 0.00031077091892560416, 0.00030623786151409704, 0.00030177322526773326, 0.00029737011839946204, 0.0002930385991930934, 0.00028876898189386657, 0.0002845631291468892, 0.00028041992336512445, 0.0002763382469614384, 0.00027231387794017514, 0.0002683538322647422, 0.0002644511560599, 0.0002606074015299442, 0.00025681635985772347, 0.0002530869096517563, 0.0002494116624196449, 0.00024578919013341916, 0.00024222203840812417, 0.00023870660612980432, 0.0002352483570575714, 0.00023183257629474235, 0.000228473854561647, 0.00022516443083683835, 0.00022190219412247802, 0.00021868826200565142, 0.00021552412460247583, 0.00021240400771299975, 0.00020933269212643213, 0.00020630862563848773, 0.00020332336425780972, 0.00020038491735855507, 0.0001974903667966571, 0.00019464083015918732, 0.00019183034698168344, 0.00018906481564045022, 0.00018633753061294764, 0.00018365029245615352, 0.0001810031011700644, 0.0001783971985181189, 0.00017582916965087556, 0.0001732975244522067, 0.00017080511897802145, 0.00016834735870361467, 0.00016593032826980186, 0.0001635467633605038, 0.0001611962293585137, 0.00015888015429179128, 0.00015660344312588836, 0.00015435454746087762, 0.00015214451899131162, 0.00014996516207854, 0.00014781697342793054, 0.0001457016294201252, 0.00014361925423145294, 0.00014156525333722247, 0.00013954217235247202, 0.000137547714014849, 0.0001355845481157275, 0.00013364963233470847, 0.00013174526393413752, 0.00012986709674199515, 0.00012801693131526265, 0.00012619302918513708, 0.0001243963216741896, 0.00012262656042973455, 0.00012088343501091142, 0.00011916483441988708, 0.0001174741735061012, 0.00011580623686313803, 0.00011416586736837965, 0.00011254710455735686, 0.00011095181107521196, 0.0001093793660402291, 0.00010783138374487536, 0.00010630562901496957, 0.00010480489581823384, 0.00010332396874825067, 0.00010186371703942848, 0.00010042662421862365, 9.901002049446037e-05, 9.761564433574677e-05, 9.624150892098733e-05, 9.488686919212341e-05, 9.355184932549956e-05, 9.223576635122334e-05, 9.094029664993321e-05, 8.966016272704026e-05, 8.840231845776321e-05, 8.716235558191981e-05, 8.594244718551636e-05, 8.473557730516099e-05, 8.355056246121817e-05, 8.238106966018677e-05, 8.122902363538742e-05, 8.009386559327397e-05, 7.897565762201957e-05, 7.787259916464638e-05, 7.678506275018114e-05, 7.57150352001211e-05, 7.466059178114041e-05, 7.362036655346633e-05, 7.259634633859091e-05, 7.158716519673619e-05, 7.059108465910097e-05, 6.961108495791811e-05, 6.864418586095128e-05, 6.769193957249439e-05, 6.675329059362307e-05, 6.58249482512474e-05, 6.491659830014027e-05, 6.401458134253947e-05, 6.312932819128002e-05, 6.225580970446384e-05, 6.139452258745962e-05, 6.054739157358886e-05, 5.971031884352378e-05, 5.888777474562321e-05, 5.807504057884355e-05, 5.727478613456148e-05, 5.6483224034309734e-05, 5.570612847805023e-05, 5.4940022528171886e-05, 5.418192595243489e-05, 5.3438916802405964e-05, 5.270453790823682e-05, 5.197922388712559e-05, 5.126812805732097e-05, 5.0561130046844135e-05, 4.9868909021219196e-05, 4.918500781059265e-05, 4.851128906011547e-05, 4.784458627303447e-05, 4.7190239032109116e-05, 4.654359072446806e-05, 4.5907373229662866e-05, 4.5280841489633156e-05, 4.4661884506544056e-05, 4.405068854490893e-05, 4.344955086708121e-05, 4.285667091608134e-05, 4.227068275213311e-05, 4.16944424311335e-05, 4.112695654233216e-05, 4.056468605995178e-05, 4.00130326549215e-05, 3.9468643565972183e-05, 3.8929035266240496e-05, 3.839737425247788e-05, 3.787626822789481e-05, 3.7363544106483286e-05, 3.685342768828051e-05, 3.635163108507873e-05, 3.585927188396419e-05, 3.537057588497844e-05, 3.4891255199909384e-05, 3.441609442234039e-05, 3.395130236943586e-05, 3.348744163910594e-05, 3.3033204575380094e-05, 3.2586107651393255e-05, 3.214435031016717e-05, 3.170644243558236e-05, 3.1278406580289436e-05, 3.085415810346638e-05, 3.043574591477709e-05, 3.0022859573364084e-05, 2.9615995784600807e-05, 2.921534081300149e-05, 2.8819777071476416e-05, 2.84299875299137e-05, 2.8044419984022892e-05, 2.7665433784325802e-05, 2.728967616955416e-05, 2.6918326814969525e-05, 2.6555856068928574e-05, 2.619580676158301e-05, 2.5841842095057285e-05, 2.5490174690882394e-05, 2.5147510071595307e-05, 2.4803603688876123e-05, 2.4470190207163782e-05, 2.4138763546943925e-05, 2.380957206090349e-05, 2.348870038986232e-05, 2.3168635865052946e-05, 2.2855028510094036e-05, 2.254707117875423e-05, 2.2238803406556505e-05, 2.1940469741821202e-05, 2.1641825636227983e-05, 2.1349141995112217e-05, 2.1058196822802862e-05, 2.077197035153756e-05, 2.0491580168406458e-05, 2.0213300983111093e-05, 1.9939616322517395e-05, 1.966804265975987e-05, 1.940180857976353e-05, 1.913830637931789e-05, 1.8877411882082737e-05, 1.8620491027832118e-05, 1.836828887462642e-05, 1.8116707603136988e-05, 1.786996920903573e-05, 1.762596269448604e-05, 1.738804082075749e-05, 1.7152478297551618e-05, 1.69164190689723e-05, 1.6689424713452845e-05, 1.6461809476216692e-05, 1.6235932707786734e-05, 1.6013160347938754e-05, 1.579498251279201e-05, 1.5579909086227244e-05, 1.536657412846889e-05, 1.5154605110486753e-05, 1.4948720733324889e-05, 1.4744947353998762e-05, 1.4539559682210344e-05, 1.4342740178108129e-05, 1.4143933852513862e-05, 1.3950839638709892e-05, 1.3758738835652814e-05, 1.3569494088491209e-05, 1.3383602102597873e-05, 1.3199200232823791e-05, 1.3018151124318629e-05, 1.2839833895365686e-05, 1.2661392490069057e-05, 1.2488042314847542e-05, 1.2316678961118077e-05, 1.2146060665448564e-05, 1.1976559956868547e-05, 1.1811777949333451e-05, 1.164749264717115e-05, 1.1485194166501334e-05, 1.1326993505160173e-05, 1.1171648899714268e-05, 1.1014317472775878e-05, 1.0859717925389709e-05, 1.0710830489794486e-05, 1.0559459527333765e-05, 1.0413055618604039e-05, 1.0269011060396772e-05, 1.0127201676368713e-05, 9.983653823534677e-06, 9.841844439506617e-06, 9.706492225329023e-06, 9.569277366002415e-06, 9.433304270108772e-06, 9.298200408617684e-06, 9.170050422350725e-06, 9.041155378023812e-06, 8.913874626159841e-06, 8.787959814071655e-06, 8.6622933546703e-06, 8.539482951164202e-06, 8.418783545494058e-06, 8.29882919788365e-06, 8.181358377138846e-06, 8.06599855422978e-06, 7.950638731320714e-06, 7.83863166968035e-06, 7.72352019945779e-06, 7.613748311996525e-06, 7.504100600878405e-06, 7.399544119834965e-06, 7.291386524836208e-06, 7.185588280359911e-06, 7.08090762297311e-06, 6.978462139765407e-06, 6.878872712453286e-06, 6.776427229245583e-06, 6.682425737381155e-06, 6.583829720815059e-06, 6.485233704249071e-06, 6.391480565071149e-06, 6.2974790732066126e-06, 6.205836931864536e-06, 6.1161816120148356e-06, 6.02503617604588e-06, 5.937119325002049e-06, 5.851313471794172e-06, 5.764265855153438e-06, 5.6797017653784174e-06, 5.595261851946542e-06, 5.510821938514883e-06, 5.430107315381469e-06, 5.347902576128584e-06, 5.2685538927713885e-06, 5.190322796503688e-06, 5.111222465833108e-06, 5.034605662028024e-06, 4.960844914118521e-06, 4.883855581283678e-06, 4.811460773150177e-06, 4.738693435986916e-06, 4.66381510098781e-06, 4.5944005250930895e-06, 4.5242408911387415e-06, 4.456440607706691e-06, 4.386529326438904e-06, 4.319101572036776e-06, 4.253536462783824e-06, 4.186481237411564e-06, 4.124020536740592e-06, 4.058207074801134e-06, 3.996739784876513e-06, 3.9331614971161e-06, 3.870576620101983e-06, 3.8115928570429665e-06, 3.7490079800287955e-06, 3.6921352148056247e-06, 3.633523980776422e-06, 3.576899568239866e-06, 3.521020213762937e-06, 3.4622848033905355e-06, 3.40789556503297e-06, 3.353009621302283e-06, 3.2991170883178386e-06, 3.2457212607066234e-06, 3.1944364309310913e-06, 3.1411647796631293e-06, 3.091245889663653e-06, 3.0419478813807676e-06, 2.9890487591426192e-06, 2.942482630411791e-06, 2.8938055038452257e-06, 2.8474877278010123e-06, 2.7985622485478864e-06, 2.7523686488469803e-06, 2.704312403996789e-06, 2.6601056257884214e-06, 2.6146570841471426e-06, 2.571071187655095e-06, 2.5274852911631013e-06, 2.48154004414881e-06, 2.439816792805993e-06, 2.3993353048960874e-06, 2.3571153481801495e-06, 2.314522862434425e-06, 2.2768974304199652e-06, 2.23728517691294e-06, 2.1992872158686392e-06, 2.1560738484064593e-06, 2.1198143561681365e-06, 2.085665861765551e-06, 2.0474195480346897e-06, 2.010042468706763e-06, 1.973782976468413e-06, 1.937399307886756e-06, 1.9027541081110492e-06, 1.8674880266189684e-06, 1.8330911795298222e-06, 1.8016745646794836e-06, 1.768892010053008e-06, 1.73784792423251e-06, 1.702085137367254e-06, 1.6712894042332895e-06, 1.641362905502341e-06, 1.6093254089355469e-06, 1.5754252672195489e-06, 1.5468647082646832e-06, 1.5166898568471472e-06, 1.4887501796086828e-06, 1.4588236808776801e-06, 1.4310081799825231e-06, 1.4017025629679488e-06, 1.3748804728190068e-06, 1.3470649719238498e-06, 1.3209879398346164e-06, 1.2936691443125533e-06, 1.267095406850199e-06, 1.2395282586415753e-06, 1.2156864007314137e-06, 1.1904786030451692e-06, 1.1642773946126555e-06, 1.1409322420756149e-06, 1.115600268046063e-06, 1.0928759972254508e-06, 1.068040728569047e-06, 1.0434538125991903e-06, 1.0201086600621632e-06, 9.991228580474745e-07, 9.756535291671807e-07, 9.539226690928376e-07, 9.316951036453193e-07, 9.095917145411219e-07, 8.913377920786531e-07, 8.67495934168505e-07, 8.486211299896349e-07, 8.294979731241772e-07, 8.10126463572186e-07, 7.89389014244085e-07, 7.706383864084952e-07, 7.499009370803941e-07, 7.291634877522931e-07, 7.143865029017257e-07, 6.967534621556717e-07, 6.737808386484854e-07, 6.580104430516624e-07, 6.409982840220097e-07, 6.242344776789311e-07, 6.073464949925722e-07, 5.905826886494936e-07, 5.746881167093904e-07, 5.594144264857019e-07, 5.411605040232467e-07, 5.258868137995583e-07, 5.121032396952329e-07, 4.967053731282642e-07, 4.816800355911228e-07, 4.665305217107146e-07, 4.5237441857656204e-07, 4.366040229797458e-07, 4.2257209618886673e-07, 4.0928522745768274e-07, 3.925214211146109e-07, 3.809730211893776e-07, 3.6694109439849854e-07, 3.5390257835388184e-07, 3.4086406230926514e-07, 3.273288408915274e-07, 3.176430861155251e-07, 3.05722157160451e-07, 2.9169023036956516e-07, 2.800176541010584e-07, 2.7132531007131844e-07, 2.5803844134013445e-07, 2.4475157260895046e-07, 2.3283064365386963e-07, 2.2227565447489872e-07, 2.1109978357951298e-07, 2.0141402880350387e-07, 1.9061068693797245e-07, 1.8179416656494547e-07, 1.7086664835612024e-07, 1.5981495380401476e-07, 1.4851490656534876e-07, 1.4193356037140028e-07, 1.2889504432678697e-07, 1.200785239537566e-07, 1.1039276917776104e-07, 1.0356307029724528e-07, 9.424984455109049e-08, 8.667508761088302e-08, 7.748603820800849e-08, 6.978710492452076e-08, 6.283322970072474e-08, 5.364418029785021e-08, 4.4827659924826614e-08, 3.91155481338501e-08, 2.7939677238464355e-08, 2.0240743954976626e-08, 1.4652808507287143e-08, 6.829698880515768e-09, -1.2417634328161205e-09, -1.0182460149126747e-08, -1.5646219253535973e-08, -2.3469328880307348e-08, -2.880891164143801e-08, -3.514190514882259e-08, -3.899137179056645e-08, -4.731118679046394e-08, -5.252659320831265e-08, -5.923211574554477e-08, -6.432334582010815e-08, -7.388492425282683e-08, -7.711350917816094e-08, -8.605420589446818e-08, -9.05245542526235e-08, -9.288390477498395e-08, -1.0120371977487974e-07, -1.0853012402852331e-07, -1.1225541432698523e-07, -1.1660158634185605e-07, -1.2181699275970307e-07, -1.298884550730358e-07, -1.3311703999837245e-07, -1.3721485932667937e-07, -1.4156103134155273e-07, -1.462797323862711e-07, -1.5025337537129692e-07, -1.5571713447570614e-07, -1.604358355204262e-07, -1.6478200753529787e-07, -1.706182956695555e-07, -1.73225998878479e-07, -1.7844140529632433e-07, -1.816699902216576e-07, -1.846502224604295e-07, -1.8936892350514786e-07, -1.9408762454986708e-07, -1.9731620947519865e-07, -2.006689707438164e-07, -2.0551184813181757e-07, -2.0948549111684338e-07, -2.1420419216156006e-07, -2.1631518999735746e-07, -2.1842618783315232e-07, -2.212822437286372e-07, -2.2451082865396876e-07, -2.2513171037038105e-07, -2.3245811462402208e-07, -2.3270646731058937e-07, -2.3593505223592094e-07, -2.368042866388946e-07, -2.4090210596720236e-07, -2.4313728014628e-07, -2.454966306686405e-07, -2.4698674678802643e-07, -2.5071203708648665e-07, -2.5269885857900125e-07, -2.5518238544464027e-07, -2.582867940266941e-07, -2.605219682057684e-07, -2.6325384775797554e-07, -2.652406692504859e-07, -2.687176068623873e-07, -2.680967251459767e-07, -2.724428971608484e-07, -2.7331213156382373e-07, -2.7554730574289884e-07, -2.7803083260854125e-07, -2.766648928324381e-07, -2.8014183044433865e-07, -2.797693014144877e-07, -2.8063853581746476e-07, -2.844880024592086e-07, -2.8548141320546254e-07, -2.846121788024889e-07, -2.868473529815691e-07, -2.875924110412591e-07, -2.8995176156362124e-07, -2.89579232533772e-07, -2.9342869917551755e-07, -2.925594647725405e-07, -2.942979335784912e-07, -2.928078174591078e-07, -2.9491881529490266e-07, -2.9442210992177316e-07, -2.980232238769531e-07, -2.991408109664924e-07, -2.952913443247468e-07, -2.988924582799251e-07, -2.991408109664924e-07, -2.9976169268290044e-07, -2.996375163396202e-07, -3.0125180880228724e-07, -3.051012754440294e-07, -3.0299027760823455e-07, -3.0497709910074915e-07, -3.0323863029480014e-07, -3.0746062596639156e-07, -3.0895074208577666e-07, -3.1019250551859617e-07, -3.1068921089172397e-07, -3.1180679798126153e-07]"
